t       fx       vx       fy       vy       fz       vz
0.0       19.935606002807617       0.0       0.7480018734931946       0.0       2.8475217819213867       0.0
0.01666666753590107       10.365093231201172       0.0       -1.7649112939834595       0.0       6.620123863220215       0.0
0.03333333507180214       10.7398042678833       0.0       -4.029018402099609       0.0       4.01903772354126       0.0
0.05000000074505806       11.074315071105957       0.0       -3.8498852252960205       0.0       2.4779279232025146       0.0
0.06666667014360428       10.5348539352417       0.0       -2.3448379039764404       0.0       4.198956489562988       0.0
0.0833333358168602       10.500298500061035       0.0       -2.8881354331970215       0.0       4.666705131530762       0.0
0.10000000149011612       10.593246459960938       0.0       -2.3170711994171143       0.0       4.172031879425049       0.0
0.11666666716337204       11.680522918701172       0.0       -2.4493961334228516       0.0       3.817500114440918       0.0
0.13333334028720856       11.418082237243652       0.0       -2.7466745376586914       0.0       4.401905059814453       0.0
0.15000000596046448       10.740199089050293       0.0       -3.08312726020813       0.0       4.214501857757568       0.0
0.1666666716337204       11.001818656921387       0.0       -2.3923423290252686       0.0       4.151616096496582       0.0
0.18333333730697632       10.971112251281738       0.0       -3.0407509803771973       0.0       4.3997297286987305       0.0
0.20000000298023224       10.750179290771484       0.0       -2.8678195476531982       0.0       4.205040454864502       0.0
0.21666666865348816       10.129776000976562       0.0       -2.547542095184326       0.0       3.765467405319214       0.0
0.23333333432674408       9.799687385559082       0.0       -2.723923683166504       0.0       4.32667875289917       0.0
0.25       8.65546989440918       0.0       -2.9174749851226807       0.0       4.5610480308532715       0.0
0.2666666805744171       8.203832626342773       0.0       -2.737449884414673       0.0       4.43205451965332       0.0
0.28333333134651184       8.773910522460938       0.0       -3.118255853652954       0.0       3.304996967315674       0.0
0.30000001192092896       8.950397491455078       0.0       -2.692896842956543       0.0       4.328453540802002       0.0
0.3166666626930237       8.936234474182129       0.0       -2.6879537105560303       0.0       4.76257848739624       0.0
0.3333333432674408       8.76938533782959       0.0       -2.96834135055542       0.0       4.308225631713867       0.0
0.3499999940395355       9.289729118347168       0.0       -2.648261547088623       0.0       4.065699100494385       0.0
0.36666667461395264       9.246850967407227       0.0       -3.590200185775757       0.0       4.6011786460876465       0.0
0.38333332538604736       8.934078216552734       0.0       -2.949871301651001       0.0       4.727023124694824       0.0
0.4000000059604645       8.520110130310059       0.0       -3.344191551208496       0.0       4.646295070648193       0.0
0.4166666567325592       8.938015937805176       0.0       -2.832221031188965       0.0       5.01975679397583       0.0
0.4333333373069763       8.339085578918457       0.0       -2.2571725845336914       0.0       5.716546535491943       0.0
0.44999998807907104       8.193634986877441       0.0       -3.070141315460205       0.0       5.411933898925781       0.0
0.46666666865348816       7.62005090713501       0.0       -2.6055550575256348       0.0       6.119669437408447       0.0
0.4833333194255829       7.998807907104492       0.0       -3.416830062866211       0.0       5.600712299346924       0.0
0.5       8.143369674682617       0.0       -2.6071677207946777       0.0       5.7445502281188965       0.0
0.5166666507720947       7.887686729431152       0.0       -2.988642692565918       0.0       6.378087520599365       0.0
0.5333333611488342       8.390674591064453       0.0       -3.9969658851623535       0.0       5.788719177246094       0.0
0.550000011920929       8.448700904846191       0.0       -2.605886936187744       0.0       5.305244445800781       0.0
0.5666666626930237       8.417424201965332       0.0       -2.761331796646118       0.0       5.913828372955322       0.0
0.5833333134651184       8.098207473754883       0.0       -2.914992332458496       0.0       5.816633224487305       0.0
0.6000000238418579       8.596582412719727       0.0       -2.652411937713623       0.0       5.988198280334473       0.0
0.6166666746139526       8.592004776000977       0.0       -3.2514760494232178       0.0       5.105274200439453       0.0
0.6333333253860474       8.558910369873047       0.0       -3.2817764282226562       0.0       6.0701985359191895       0.0
0.6499999761581421       8.841117858886719       0.0       -2.748598575592041       0.0       5.830920696258545       0.0
0.6666666865348816       8.856222152709961       0.0       -3.0437052249908447       0.0       5.388008117675781       0.0
0.6833333373069763       8.387688636779785       0.0       -2.86226224899292       0.0       6.140784740447998       0.0
0.699999988079071       8.811310768127441       0.0       -2.9354019165039062       0.0       5.966731071472168       0.0
0.7166666388511658       8.790787696838379       0.0       -3.669579267501831       0.0       5.2520551681518555       0.0
0.7333333492279053       8.435349464416504       0.0       -2.002000331878662       0.0       5.588642597198486       0.0
0.75       8.180582046508789       0.0       -3.2800352573394775       0.0       5.496031284332275       0.0
0.7666666507720947       8.305214881896973       0.0       -3.1948349475860596       0.0       5.347712993621826       0.0
0.7833333611488342       9.339391708374023       0.0       -3.5102059841156006       0.0       5.138821125030518       0.0
0.800000011920929       8.258720397949219       0.0       -2.6928043365478516       0.0       5.2158522605896       0.0
0.8166666626930237       8.677116394042969       0.0       -3.3987836837768555       0.0       4.7636823654174805       0.0
0.8333333134651184       8.396722793579102       0.0       -3.6300652027130127       0.0       5.671955108642578       0.0
0.8500000238418579       7.658565521240234       0.0       -3.1488945484161377       0.0       5.475263595581055       0.0
0.8666666746139526       8.075944900512695       0.0       -3.0184590816497803       0.0       5.227298259735107       0.0
0.8833333253860474       8.178816795349121       0.0       -3.332184076309204       0.0       5.092193126678467       0.0
0.8999999761581421       8.525121688842773       0.0       -2.9637033939361572       0.0       5.332151889801025       0.0
0.9166666865348816       8.370293617248535       0.0       -2.562877893447876       0.0       6.222265243530273       0.0
0.9333333373069763       8.253143310546875       0.0       -2.654684066772461       0.0       5.479879379272461       0.0
0.949999988079071       8.037956237792969       0.0       -2.951813220977783       0.0       5.997598171234131       0.0
0.9666666388511658       8.367919921875       0.0       -3.356135606765747       0.0       6.270417213439941       0.0
0.9833333492279053       8.337491035461426       0.0       -1.9224568605422974       0.0       5.312798023223877       0.0
1.0       8.043060302734375       0.0       -2.956930637359619       0.0       6.140206336975098       0.0
1.0166666507720947       8.719229698181152       0.0       -3.1766109466552734       0.0       5.850043296813965       0.0
1.0333333015441895       8.368668556213379       0.0       -2.7249956130981445       0.0       6.263923645019531       0.0
1.0499999523162842       8.11320972442627       0.0       -2.7671661376953125       0.0       6.515182971954346       0.0
1.0666667222976685       7.95769739151001       0.0       -3.309831142425537       0.0       5.0772929191589355       0.0
1.0833333730697632       7.8128204345703125       0.0       -3.2551794052124023       0.0       5.253048896789551       0.0
1.100000023841858       7.398648738861084       0.0       -2.757021188735962       0.0       5.996227741241455       0.0
1.1166666746139526       7.618019104003906       0.0       -2.3669302463531494       0.0       5.27373743057251       0.0
1.1333333253860474       7.567750930786133       0.0       -2.5661957263946533       0.0       5.933460235595703       0.0
1.149999976158142       7.592746734619141       0.0       -2.555062770843506       0.0       5.626492023468018       0.0
1.1666666269302368       7.476423740386963       0.0       -2.2681407928466797       0.0       5.78872013092041       0.0
1.1833332777023315       7.560863018035889       0.0       -3.190826177597046       0.0       5.426693439483643       0.0
1.2000000476837158       7.649405002593994       0.0       -2.857090950012207       0.0       6.5028462409973145       0.0
1.2166666984558105       7.370492458343506       0.0       -3.482145309448242       0.0       5.866829872131348       0.0
1.2333333492279053       8.269245147705078       0.0       -2.769759178161621       0.0       4.530817031860352       0.0
1.25       7.76736307144165       0.0       -2.668055534362793       0.0       5.930286407470703       0.0
1.2666666507720947       7.76736307144165       0.0       -2.668055534362793       0.0       5.930286407470703       0.0
1.2833333015441895       7.576661586761475       0.0       -2.5872039794921875       0.0       6.318668842315674       0.0
1.2999999523162842       7.2164506912231445       0.0       -2.531191825866699       0.0       5.396876335144043       0.0
1.3166667222976685       8.054398536682129       0.0       -2.8262112140655518       0.0       5.741699695587158       0.0
1.3333333730697632       8.054398536682129       0.0       -2.8262112140655518       0.0       5.741699695587158       0.0
1.350000023841858       7.434270858764648       0.0       -3.006686210632324       0.0       5.369691848754883       0.0
1.3666666746139526       8.148463249206543       0.0       -2.8186123371124268       0.0       5.891026496887207       0.0
1.3833333253860474       7.540740013122559       0.0       -2.5374362468719482       0.0       5.68903112411499       0.0
1.399999976158142       7.219710826873779       0.0       -2.808645009994507       0.0       5.963645935058594       0.0
1.4166666269302368       7.807378768920898       0.0       -2.726790428161621       0.0       5.821959018707275       0.0
1.4333332777023315       7.572202682495117       0.0       -3.4294300079345703       0.0       5.5285210609436035       0.0
1.4500000476837158       7.911947250366211       0.0       -2.8857810497283936       0.0       5.341442108154297       0.0
1.4666666984558105       8.048585891723633       0.0       -2.4519028663635254       0.0       5.405742645263672       0.0
1.4833333492279053       6.880715370178223       0.0       -2.982034921646118       0.0       6.023005485534668       0.0
1.5       7.479827880859375       0.0       -3.449010133743286       0.0       5.990033149719238       0.0
1.5166666507720947       8.134590148925781       0.0       -2.916991949081421       0.0       5.595645904541016       0.0
1.5333333015441895       7.884143352508545       0.0       -2.6655631065368652       0.0       4.9710164070129395       0.0
1.5499999523162842       8.344478607177734       0.0       -3.090411424636841       0.0       5.126574993133545       0.0
1.5666667222976685       7.741587162017822       0.0       -2.7310707569122314       0.0       5.529352188110352       0.0
1.5833333730697632       7.383828639984131       0.0       -1.9566794633865356       0.0       6.445838451385498       0.0
1.600000023841858       7.504852771759033       0.0       -2.6399381160736084       0.0       6.504472732543945       0.0
1.6166666746139526       7.777329444885254       0.0       -2.7705092430114746       0.0       5.123679161071777       0.0
1.6333333253860474       7.615624904632568       0.0       -3.101424217224121       0.0       5.876044273376465       0.0
1.649999976158142       8.445969581604004       0.0       -2.5203843116760254       0.0       5.306856632232666       0.0
1.6666666269302368       7.829737663269043       0.0       -2.5424745082855225       0.0       5.764002323150635       0.0
1.6833332777023315       8.228706359863281       0.0       -2.2543535232543945       0.0       5.550124645233154       0.0
1.7000000476837158       8.319049835205078       0.0       -3.121182680130005       0.0       5.231414794921875       0.0
1.7166666984558105       8.199911117553711       0.0       -2.3934404850006104       0.0       5.512394905090332       0.0
1.7333333492279053       8.07561206817627       0.0       -2.970615863800049       0.0       5.258601665496826       0.0
1.75       8.369067192077637       0.0       -2.705460786819458       0.0       5.801979064941406       0.0
1.7666666507720947       7.511500835418701       0.0       -2.6912178993225098       0.0       5.947762966156006       0.0
1.7833333015441895       8.120797157287598       0.0       -3.0281193256378174       0.0       5.312493324279785       0.0
1.7999999523162842       8.127995491027832       0.0       -2.9602112770080566       0.0       6.354926109313965       0.0
1.8166667222976685       7.693863391876221       0.0       -3.268838405609131       0.0       5.636168003082275       0.0
1.8333333730697632       8.303359985351562       0.0       -2.9977235794067383       0.0       4.771227836608887       0.0
1.850000023841858       7.786435604095459       0.0       -3.2105045318603516       0.0       6.10322380065918       0.0
1.8666666746139526       8.2280855178833       0.0       -2.4495370388031006       0.0       5.91544246673584       0.0
1.8833333253860474       8.253984451293945       0.0       -3.167445421218872       0.0       6.068255424499512       0.0
1.899999976158142       7.8722615242004395       0.0       -2.8981685638427734       0.0       5.136793613433838       0.0
1.9166666269302368       8.386276245117188       0.0       -2.884472370147705       0.0       6.086626052856445       0.0
1.9333332777023315       8.102739334106445       0.0       -2.9819114208221436       0.0       6.369876384735107       0.0
1.9500000476837158       8.375173568725586       0.0       -2.407545566558838       0.0       6.471476078033447       0.0
1.9666666984558105       8.466547966003418       0.0       -2.4989280700683594       0.0       5.2914323806762695       0.0
1.9833333492279053       8.405396461486816       0.0       -2.696193218231201       0.0       5.647178649902344       0.0
2.0       8.346126556396484       0.0       -2.4494500160217285       0.0       5.336887359619141       0.0
2.0166666507720947       8.253375053405762       0.0       -2.6687185764312744       0.0       4.967899799346924       0.0
2.0333333015441895       8.499110221862793       0.0       -3.0449535846710205       0.0       5.540578842163086       0.0
2.049999952316284       7.937731742858887       0.0       -3.0002315044403076       0.0       5.951040267944336       0.0
2.066666603088379       7.607732772827148       0.0       -2.112783670425415       0.0       6.192049026489258       0.0
2.0833332538604736       8.171430587768555       0.0       -2.785738945007324       0.0       5.133519649505615       0.0
2.0999999046325684       7.664076805114746       0.0       -2.0907399654388428       0.0       6.023909091949463       0.0
2.116666555404663       8.103852272033691       0.0       -2.8884341716766357       0.0       5.796176910400391       0.0
2.133333444595337       8.261591911315918       0.0       -2.7157583236694336       0.0       5.956955909729004       0.0
2.1500000953674316       8.596392631530762       0.0       -2.7086243629455566       0.0       5.506336212158203       0.0
2.1666667461395264       8.211857795715332       0.0       -2.8622195720672607       0.0       5.616629123687744       0.0
2.183333396911621       7.87955904006958       0.0       -2.873117208480835       0.0       6.514222145080566       0.0
2.200000047683716       8.210381507873535       0.0       -3.55033540725708       0.0       5.534587383270264       0.0
2.2166666984558105       7.774853229522705       0.0       -2.3899123668670654       0.0       5.8751726150512695       0.0
2.2333333492279053       7.196777820587158       0.0       -2.491986036300659       0.0       6.032230854034424       0.0
2.25       7.594779014587402       0.0       -2.954360246658325       0.0       6.805286884307861       0.0
2.2666666507720947       7.758131980895996       0.0       -2.4840896129608154       0.0       5.436489105224609       0.0
2.2833333015441895       7.829386234283447       0.0       -3.1275830268859863       0.0       4.866376876831055       0.0
2.299999952316284       7.634894371032715       0.0       -3.2916197776794434       0.0       6.0882463455200195       0.0
2.316666603088379       7.834491729736328       0.0       -2.4224424362182617       0.0       5.162810802459717       0.0
2.3333332538604736       7.346092700958252       0.0       -2.48685359954834       0.0       5.876543998718262       0.0
2.3499999046325684       8.05024242401123       0.0       -3.0967209339141846       0.0       5.577298641204834       0.0
2.366666555404663       7.942322731018066       0.0       -2.549992322921753       0.0       6.428319454193115       0.0
2.383333444595337       8.262529373168945       0.0       -2.843702554702759       0.0       5.764366149902344       0.0
2.4000000953674316       7.739560604095459       0.0       -2.5949783325195312       0.0       5.665294170379639       0.0
2.4166667461395264       6.690766334533691       0.0       -1.8518880605697632       0.0       7.259175777435303       0.0
2.433333396911621       8.457683563232422       0.0       -2.5565195083618164       0.0       5.3343729972839355       0.0
2.450000047683716       7.965847015380859       0.0       -2.2149219512939453       0.0       6.263075828552246       0.0
2.4666666984558105       7.922277927398682       0.0       -3.1915955543518066       0.0       5.271183490753174       0.0
2.4833333492279053       8.110333442687988       0.0       -3.4767746925354004       0.0       5.042164325714111       0.0
2.5       7.816349029541016       0.0       -3.185598373413086       0.0       5.412954807281494       0.0
2.5166666507720947       7.943423271179199       0.0       -3.2543342113494873       0.0       5.032884120941162       0.0
2.5333333015441895       8.152554512023926       0.0       -3.234447717666626       0.0       5.451395511627197       0.0
2.549999952316284       8.396431922912598       0.0       -2.63606858253479       0.0       5.6122589111328125       0.0
2.566666603088379       8.74329948425293       0.0       -3.2039504051208496       0.0       4.906572341918945       0.0
2.5833332538604736       8.077869415283203       0.0       -2.881103038787842       0.0       5.197051048278809       0.0
2.5999999046325684       8.785882949829102       0.0       -2.8099684715270996       0.0       5.208785533905029       0.0
2.616666555404663       8.024346351623535       0.0       -2.817885398864746       0.0       5.739778518676758       0.0
2.633333444595337       8.025490760803223       0.0       -3.0098423957824707       0.0       5.951992034912109       0.0
2.6500000953674316       8.623047828674316       0.0       -2.8510258197784424       0.0       6.12183952331543       0.0
2.6666667461395264       8.392956733703613       0.0       -2.4645252227783203       0.0       5.482370376586914       0.0
2.683333396911621       8.610122680664062       0.0       -3.588789701461792       0.0       5.702520370483398       0.0
2.700000047683716       8.472492218017578       0.0       -2.5717339515686035       0.0       5.783820152282715       0.0
2.7166666984558105       8.259669303894043       0.0       -3.1111528873443604       0.0       6.02374267578125       0.0
2.7333333492279053       8.45008659362793       0.0       -2.3886497020721436       0.0       6.3801469802856445       0.0
2.75       8.087847709655762       0.0       -2.840703010559082       0.0       5.754446029663086       0.0
2.7666666507720947       7.828854084014893       0.0       -2.478480815887451       0.0       6.087634086608887       0.0
2.7833333015441895       8.863508224487305       0.0       -3.307664394378662       0.0       5.653287887573242       0.0
2.799999952316284       8.528335571289062       0.0       -2.8927981853485107       0.0       5.499491214752197       0.0
2.816666603088379       8.230119705200195       0.0       -3.158815860748291       0.0       5.91453218460083       0.0
2.8333332538604736       8.218629837036133       0.0       -3.438457489013672       0.0       5.970391750335693       0.0
2.8499999046325684       8.199565887451172       0.0       -3.132758855819702       0.0       5.158768653869629       0.0
2.866666555404663       7.728693962097168       0.0       -2.8273730278015137       0.0       6.266618728637695       0.0
2.883333444595337       8.151907920837402       0.0       -3.0038342475891113       0.0       5.286075115203857       0.0
2.9000000953674316       8.133780479431152       0.0       -2.893564462661743       0.0       5.938950061798096       0.0
2.9166667461395264       8.624918937683105       0.0       -3.08878755569458       0.0       5.35225772857666       0.0
2.933333396911621       8.270562171936035       0.0       -3.2591240406036377       0.0       4.736487865447998       0.0
2.950000047683716       7.862684726715088       0.0       -2.283693552017212       0.0       6.082204818725586       0.0
2.9666666984558105       7.682688236236572       0.0       -2.7583460807800293       0.0       6.3631205558776855       0.0
2.9833333492279053       9.112662315368652       0.0       -3.4483933448791504       0.0       4.864514350891113       0.0
3.0       8.57203483581543       0.0       -2.8362631797790527       0.0       5.672994136810303       0.0
3.0166666507720947       8.20942497253418       0.0       -2.029754161834717       0.0       6.05018424987793       0.0
3.0333333015441895       8.4044828414917       0.0       -2.677304744720459       0.0       6.371827602386475       0.0
3.049999952316284       8.097833633422852       0.0       -3.0676281452178955       0.0       6.366098880767822       0.0
3.066666603088379       8.932180404663086       0.0       -2.635920286178589       0.0       5.455204963684082       0.0
3.0833332538604736       7.947511196136475       0.0       -3.342578887939453       0.0       6.193032741546631       0.0
3.0999999046325684       8.487616539001465       0.0       -2.748941421508789       0.0       5.8307929039001465       0.0
3.116666555404663       8.599753379821777       0.0       -3.185305595397949       0.0       5.263401031494141       0.0
3.133333444595337       8.81091022491455       0.0       -3.3651633262634277       0.0       5.101158142089844       0.0
3.1500000953674316       8.65090274810791       0.0       -2.8262410163879395       0.0       5.3002448081970215       0.0
3.1666667461395264       8.223222732543945       0.0       -2.9935572147369385       0.0       6.012542247772217       0.0
3.183333396911621       8.198891639709473       0.0       -2.7679877281188965       0.0       6.142266273498535       0.0
3.200000047683716       8.286938667297363       0.0       -2.4144818782806396       0.0       6.256237983703613       0.0
3.2166666984558105       8.67762565612793       0.0       -2.005370855331421       0.0       5.888747692108154       0.0
3.2333333492279053       8.388832092285156       0.0       -1.9004089832305908       0.0       6.326880931854248       0.0
3.25       8.58321475982666       0.0       -3.030383348464966       0.0       4.93803071975708       0.0
3.2666666507720947       9.351155281066895       0.0       -2.5891871452331543       0.0       5.343918800354004       0.0
3.2833333015441895       8.551502227783203       0.0       -3.2439517974853516       0.0       5.383862018585205       0.0
3.299999952316284       9.067474365234375       0.0       -2.804781198501587       0.0       6.162809371948242       0.0
3.316666603088379       8.395560264587402       0.0       -2.7176549434661865       0.0       6.325707912445068       0.0
3.3333332538604736       9.116847038269043       0.0       -2.550077199935913       0.0       5.611029148101807       0.0
3.3499999046325684       9.857129096984863       0.0       -3.0809273719787598       0.0       5.763015270233154       0.0
3.366666555404663       10.328495979309082       0.0       -2.727973699569702       0.0       5.6558308601379395       0.0
3.383333444595337       10.704205513000488       0.0       -2.27302885055542       0.0       6.052148818969727       0.0
3.4000000953674316       11.258842468261719       0.0       -3.1845576763153076       0.0       5.6725382804870605       0.0
3.4166667461395264       12.301702499389648       0.0       -3.0863494873046875       0.0       5.5226335525512695       0.0
3.433333396911621       11.7725830078125       0.004808250814676285       -3.068148612976074       0.0       5.959340572357178       0.0
3.450000047683716       11.183639526367188       0.009458472952246666       -2.8562216758728027       0.0       5.444136619567871       0.0
3.4666666984558105       11.446450233459473       0.013849169947206974       -2.7768659591674805       0.0       5.012617588043213       0.0
3.4833333492279053       16.01874542236328       0.018682442605495453       0.41182586550712585       0.0       7.975418567657471       0.0
3.5       23.519512176513672       0.025044145062565804       7.916745662689209       0.0       -5.1429667472839355       0.0
3.5166666507720947       18.801694869995117       0.032208967953920364       10.263287544250488       0.0       2.557835340499878       0.0
3.5333333015441895       20.557395935058594       0.03976757824420929       6.004344940185547       0.0       5.228633880615234       0.0
3.549999952316284       20.672391891479492       0.04670137166976929       -1.6073718070983887       0.0       -1.6485337018966675       0.0
3.566666603088379       20.7225399017334       0.05367542803287506       1.8647717237472534       0.0       -0.7711840271949768       0.0
3.5833332538604736       18.766727447509766       0.060183823108673096       5.302255630493164       0.0       6.542994022369385       0.0
3.5999999046325684       21.98322105407715       0.06666036695241928       5.52902364730835       0.0       -5.259377956390381       0.0
3.616666555404663       18.434532165527344       0.07261638343334198       1.6805028915405273       0.0       4.372603893280029       0.0
3.633333444595337       21.709165573120117       0.07877384126186371       8.049757957458496       0.0       2.993793249130249       0.0
3.6500000953674316       17.633716583251953       0.08413416892290115       6.479222297668457       0.0       7.639501094818115       0.0
3.6666667461395264       16.072927474975586       0.08899673074483871       2.533127546310425       0.0       8.11532974243164       0.0
3.683333396911621       23.96434211730957       0.09399736672639847       8.08808422088623       0.0       5.253389358520508       0.0
3.700000047683716       19.232948303222656       0.09904143959283829       7.456296920776367       0.0       4.818716526031494       0.0
3.7166666984558105       19.207962036132812       0.1043320819735527       8.026522636413574       0.0       5.218918800354004       0.0
3.7333333492279053       16.588096618652344       0.1084570363163948       9.135004043579102       0.0       1.7167532444000244       0.0
3.75       23.586402893066406       0.11301718652248383       7.786177635192871       0.0       -4.042929649353027       0.0
3.7666666507720947       14.166966438293457       0.11674082279205322       4.748224258422852       0.0       8.905556678771973       0.0
3.7833333015441895       21.406583786010742       0.12096944451332092       6.1451616287231445       0.0       -1.370805025100708       0.0
3.799999952316284       20.88288116455078       0.1246810331940651       -1.500178337097168       0.0       5.853118419647217       0.0
3.816666603088379       25.768953323364258       0.12976834177970886       2.7493155002593994       0.0       -5.970685958862305       0.0
3.8333332538604736       17.37109375       0.13413505256175995       4.11488676071167       0.0       1.3508611917495728       0.0
3.8499999046325684       25.284208297729492       0.1389041543006897       8.825085639953613       0.0       9.199084281921387       0.0
3.866666555404663       24.24726104736328       0.1433040052652359       5.442513942718506       0.0       2.7347824573516846       0.0
3.883333444595337       31.305723190307617       0.14933240413665771       9.721671104431152       0.0       1.47367525100708       0.0
3.9000000953674316       24.805362701416016       0.15507137775421143       7.856509208679199       0.0       4.701373100280762       0.0
3.9166667461395264       17.86022186279297       0.15977247059345245       3.523606538772583       0.0       -1.6843557357788086       0.0
3.933333396911621       23.688230514526367       0.16332906484603882       6.709020137786865       0.0       -5.602441787719727       0.0
3.950000047683716       24.546031951904297       0.16671936213970184       2.814505100250244       0.0       8.024502754211426       0.0
3.9666666984558105       23.181507110595703       0.17065878212451935       4.265634536743164       0.0       5.088207721710205       0.0
3.9833333492279053       22.997282028198242       0.1743629425764084       2.2272753715515137       0.0       6.950962543487549       0.0
4.0       26.712329864501953       0.17818820476531982       7.903265476226807       0.0       -2.675814151763916       0.0
4.016666889190674       19.67265510559082       0.18141694366931915       4.861780643463135       0.0       6.411284923553467       0.0
4.0333333015441895       21.901100158691406       0.1843864768743515       9.42240047454834       0.0       5.698634147644043       0.0
4.050000190734863       17.546232223510742       0.1860983520746231       7.297584056854248       0.0       9.894122123718262       0.0
4.066666603088379       23.160615921020508       0.18816740810871124       10.33703899383545       0.0       3.753161668777466       0.0
4.083333492279053       26.974504470825195       0.190776988863945       10.803690910339355       0.0       11.871273040771484       0.0
4.099999904632568       24.966665267944336       0.19419637322425842       6.522948265075684       0.0       3.5662081241607666       0.0
4.116666793823242       15.081708908081055       0.19648617506027222       3.097014904022217       0.0       0.8351589441299438       0.0
4.133333206176758       23.6153564453125       0.19827741384506226       8.802616119384766       0.0       3.300287961959839       0.0
4.150000095367432       24.43505859375       0.1999351978302002       3.195859909057617       0.0       5.7574968338012695       0.0
4.166666507720947       18.231233596801758       0.20191919803619385       5.748232841491699       0.0       -0.5833179950714111       0.0
4.183333396911621       24.70052146911621       0.20396453142166138       2.8346922397613525       0.0       -3.2522220611572266       0.0
4.199999809265137       21.258840560913086       0.2055492103099823       4.294876575469971       0.0       5.1702070236206055       0.0
4.2166666984558105       19.490652084350586       0.20723271369934082       5.452847480773926       0.0       -4.660661220550537       0.0
4.233333110809326       22.707687377929688       0.2086157649755478       7.036446571350098       0.0       -8.894031524658203       0.0
4.25       22.62454605102539       0.21011883020401       13.563493728637695       0.0       0.1380501538515091       0.0
4.266666889190674       18.181119918823242       0.21141499280929565       7.9944987297058105       0.0       -7.407318115234375       0.0
4.2833333015441895       20.653614044189453       0.2124200463294983       17.99677276611328       0.0       24.23890495300293       0.0
4.300000190734863       15.341991424560547       0.21250563859939575       9.655957221984863       0.0       -5.775353908538818       0.0
4.316666603088379       22.826446533203125       0.21315862238407135       9.984827995300293       0.0       -4.592752456665039       0.0
4.333333492279053       18.928979873657227       0.21358293294906616       -0.332324355840683       0.0       8.758040428161621       0.0
4.349999904632568       23.12705421447754       0.21495485305786133       6.674887657165527       0.0       2.2852447032928467       0.0
4.366666793823242       23.628597259521484       0.21639171242713928       2.5520517826080322       0.0       -6.803915023803711       0.0
4.383333206176758       15.373952865600586       0.21735933423042297       1.3952624797821045       0.0       0.18829800188541412       0.0
4.400000095367432       20.108978271484375       0.2179381251335144       -1.5759121179580688       0.0       1.03034245967865       0.0
4.416666507720947       19.75457191467285       0.2180360108613968       -0.5493137240409851       0.0       -12.430481910705566       0.0
4.433333396911621       20.445096969604492       0.21877078711986542       0.9021136164665222       0.0       1.6505757570266724       0.0
4.449999809265137       17.031768798828125       0.2191164344549179       -1.6099995374679565       0.0       -6.686241626739502       0.0
4.4666666984558105       22.885221481323242       0.21985900402069092       2.890326738357544       0.0       -0.5791354179382324       0.0
4.483333110809326       20.81665802001953       0.22065408527851105       0.4712311625480652       0.0       7.112077713012695       0.0
4.5       19.940874099731445       0.2218211144208908       -0.6211873292922974       0.0       6.699316024780273       0.0
4.516666889190674       23.263336181640625       0.22303731739521027       -0.46854323148727417       0.0       4.679554462432861       0.0
4.5333333015441895       22.527315139770508       0.2244582176208496       -0.5983171463012695       0.0       -5.599982261657715       0.0
4.550000190734863       22.764583587646484       0.22622433304786682       1.3034552335739136       0.0       7.945159912109375       0.0
4.566666603088379       22.759422302246094       0.22790773212909698       -1.4665627479553223       0.0       1.810342788696289       0.0
4.583333492279053       18.420551300048828       0.2290516048669815       -4.222470283508301       0.0       -7.40104866027832       0.0
4.599999904632568       18.92959976196289       0.22970345616340637       -3.6453652381896973       0.0       -4.7232184410095215       0.0
4.616666793823242       21.20168685913086       0.2301858514547348       -2.118386745452881       0.0       -7.627991199493408       0.0
4.633333206176758       20.207740783691406       0.2309185415506363       1.6592202186584473       0.0       0.0039011065382510424       0.0
4.650000095367432       19.235939025878906       0.2317105382680893       1.1004440784454346       0.0       4.31540060043335       0.0
4.666666507720947       16.676218032836914       0.23194767534732819       -1.2718629837036133       0.0       1.1784086227416992       0.0
4.683333396911621       22.771974563598633       0.23257564008235931       0.034119538962841034       0.0       3.343660354614258       0.0
4.699999809265137       21.04119873046875       0.2334686815738678       0.05715113505721092       0.0       -5.084025859832764       0.0
4.7166666984558105       18.022703170776367       0.2345852553844452       2.7552132606506348       0.0       -5.6037445068359375       0.0
4.733333110809326       21.86127281188965       0.2356211543083191       0.08915824443101883       0.0       -1.6436161994934082       0.0
4.75       16.236005783081055       0.2360428273677826       4.256402492523193       0.0       -1.5200601816177368       0.0
4.766666889190674       18.116130828857422       0.23653945326805115       1.3265461921691895       0.0       10.150172233581543       0.0
4.7833333015441895       25.327619552612305       0.23760917782783508       -2.8198859691619873       0.0       -3.0990641117095947       0.0
4.800000190734863       17.007549285888672       0.238807812333107       -1.3408690690994263       0.0       -3.767444610595703       0.0
4.816666603088379       21.7248477935791       0.24056805670261383       2.073206901550293       0.0       3.005554437637329       0.0
4.833333492279053       22.304676055908203       0.24193257093429565       2.6133270263671875       0.0       6.583828449249268       0.0
4.849999904632568       25.437223434448242       0.24456579983234406       3.9353737831115723       0.0       4.124448776245117       0.0
4.866666793823242       22.237886428833008       0.24730733036994934       -0.1719530075788498       0.0       5.196406364440918       0.0
4.883333206176758       15.349589347839355       0.2490091770887375       -5.770987033843994       0.0       -8.794961929321289       0.0
4.900000095367432       17.13928985595703       0.24949167668819427       4.997415542602539       0.0       0.19425401091575623       0.0
4.916666507720947       17.426786422729492       0.24933020770549774       -2.2853026390075684       0.0       -0.8077974319458008       0.0
4.933333396911621       20.76914405822754       0.2500835657119751       11.883655548095703       0.0       9.56016731262207       0.0
4.949999809265137       18.394075393676758       0.2511036992073059       -3.345930814743042       0.0       -8.26961898803711       0.0
4.9666666984558105       23.433116912841797       0.253086119890213       1.0502461194992065       0.0       4.417186737060547       0.0
4.983333110809326       16.557933807373047       0.25442254543304443       6.927164554595947       0.0       8.897558212280273       0.0
5.0       24.794940948486328       0.2567938268184662       5.072088241577148       0.0       10.997885704040527       0.0
5.016666889190674       22.642316818237305       0.25904545187950134       -0.016617871820926666       0.0       0.7529082298278809       0.0
5.0333333015441895       24.831298828125       0.26262345910072327       2.0233848094940186       0.0       1.9643762111663818       0.0
5.050000190734863       20.057350158691406       0.26541104912757874       0.4363051652908325       0.0       -5.882246017456055       0.0
5.066666603088379       14.93038558959961       0.2669427990913391       2.5714943408966064       0.0       3.340635299682617       0.0
5.083333492279053       20.893577575683594       0.26785385608673096       2.9996891021728516       0.0       0.6028606295585632       0.0
5.099999904632568       23.91522789001465       0.26947784423828125       4.780172824859619       0.0       8.390646934509277       0.0
5.116666793823242       31.22494888305664       0.2738771438598633       6.575743675231934       0.0       16.715606689453125       0.0
5.133333206176758       8.625593185424805       0.2654501497745514       -1.9565247297286987       0.0       -15.263172149658203       0.0
5.150000095367432       36.08533477783203       0.25728246569633484       5.1011223793029785       0.0       18.459983825683594       0.0
5.166666507720947       11.232308387756348       0.24936607480049133       2.046773910522461       0.0       2.3041837215423584       0.0
5.183333396911621       -4.7725090980529785       0.24169327318668365       -1.913458228111267       0.0       -15.56291675567627       0.0
5.199999809265137       7.664478778839111       0.2342565655708313       -4.055593490600586       0.0       -10.131701469421387       0.0
5.2166666984558105       -2.0906689167022705       0.22704866528511047       0.14228355884552002       0.0       -6.4013261795043945       0.0
5.233333110809326       30.488178253173828       0.22006255388259888       5.635156631469727       0.0       1.493891954421997       0.0
5.25       10.385945320129395       0.21329139173030853       -6.671574592590332       0.0       -7.157500743865967       0.0
5.266666889190674       22.84303092956543       0.20672859251499176       3.123228073120117       0.0       4.149323463439941       0.0
5.2833333015441895       2.0632777214050293       0.20036770403385162       -2.720614433288574       0.0       -18.379167556762695       0.0
5.300000190734863       14.332469940185547       0.19420254230499268       -0.8333832025527954       0.0       1.0787951946258545       0.0
5.316666603088379       18.39788818359375       0.1882270872592926       -1.721693992614746       0.0       -3.611579418182373       0.0
5.333333492279053       20.538999557495117       0.18243548274040222       4.191640853881836       0.0       0.012792824767529964       0.0
5.349999904632568       6.289770126342773       0.17682208120822906       0.923581600189209       0.0       -12.041030883789062       0.0
5.366666793823242       12.500264167785645       0.1713813990354538       2.4612927436828613       0.0       -3.830268383026123       0.0
5.383333206176758       5.01124906539917       0.1661081314086914       -5.9222331047058105       0.0       -9.210549354553223       0.0
5.400000095367432       14.10797119140625       0.16099710762500763       0.8523445725440979       0.0       -4.213970184326172       0.0
5.416666507720947       9.400367736816406       0.15604335069656372       1.8725091218948364       0.0       -8.734565734863281       0.0
5.433333396911621       11.417038917541504       0.15124201774597168       1.906997799873352       0.0       -8.859184265136719       0.0
5.449999809265137       1.496999740600586       0.14658841490745544       -1.8629730939865112       0.0       -3.306008815765381       0.0
5.4666666984558105       10.105510711669922       0.1420779973268509       -2.4262354373931885       0.0       -10.749547958374023       0.0
5.483333110809326       11.395261764526367       0.13770636916160583       1.7681256532669067       0.0       -6.09376335144043       0.0
5.5       11.684713363647461       0.13346925377845764       0.9527484774589539       0.0       -6.933534145355225       0.0
5.516666889190674       15.935455322265625       0.12936250865459442       3.092841386795044       0.0       -2.5388729572296143       0.0
5.5333333015441895       9.838666915893555       0.12538212537765503       -1.0450429916381836       0.0       -6.666134357452393       0.0
5.550000190734863       10.019233703613281       0.12152421474456787       -1.3099936246871948       0.0       -5.571135997772217       0.0
5.566666603088379       8.910173416137695       0.1177850067615509       -0.1500430852174759       0.0       2.008043050765991       0.0
5.583333492279053       2.1120524406433105       0.11416085064411163       0.40821948647499084       0.0       -11.12035846710205       0.0
5.599999904632568       19.604904174804688       0.11064820736646652       0.9150512218475342       0.0       -0.5667021870613098       0.0
5.616666793823242       15.112421989440918       0.10724364966154099       -1.0288522243499756       0.0       -4.190515995025635       0.0
5.633333206176758       14.884109497070312       0.1039438471198082       0.009529069066047668       0.0       -4.5329790115356445       0.0
5.650000095367432       11.202967643737793       0.10074557363986969       0.22900521755218506       0.0       -3.7945196628570557       0.0
5.666666507720947       19.346508026123047       0.10595795512199402       1.0436404943466187       0.0       4.408989429473877       0.0
5.683333396911621       9.468554496765137       0.1026977151632309       2.7128543853759766       0.0       -4.7976765632629395       0.0
5.699999809265137       11.892213821411133       0.09953778237104416       0.13686558604240417       0.0       0.23613357543945312       0.0
5.7166666984558105       10.118242263793945       0.09647507965564728       -2.852721929550171       0.0       -5.424583911895752       0.0
5.733333110809326       18.317398071289062       0.09350661933422089       0.530489444732666       0.0       -1.0773072242736816       0.0
5.75       7.259317398071289       0.09062949568033218       2.7588675022125244       0.0       -8.843766212463379       0.0
5.766666889190674       12.507698059082031       0.08784089237451553       -0.9614080190658569       0.0       -5.474566459655762       0.0
5.7833333015441895       10.51330852508545       0.08513809740543365       2.018873929977417       0.0       -7.897076606750488       0.0
5.800000190734863       12.519974708557129       0.08251845836639404       3.1721699237823486       0.0       -2.4230258464813232       0.0
5.816666603088379       13.907907485961914       0.07997943460941315       -2.6567583084106445       0.0       -0.817310631275177       0.0
5.833333492279053       6.767863750457764       0.077518530189991       -0.8676447868347168       0.0       -7.568485736846924       0.0
5.849999904632568       15.843924522399902       0.07513333857059479       4.001699447631836       0.0       3.1845345497131348       0.0
5.866666793823242       4.465594291687012       0.07282154262065887       -2.3014349937438965       0.0       -5.481372356414795       0.0
5.883333206176758       11.164749145507812       0.07058088481426239       -1.737717628479004       0.0       -4.303417682647705       0.0
5.900000095367432       5.936929702758789       0.06840916723012924       5.199688911437988       0.0       -10.742161750793457       0.0
5.916666507720947       22.552907943725586       0.0663042664527893       -3.531001567840576       0.0       4.4735565185546875       0.0
5.933333396911621       8.689298629760742       0.06426413357257843       -2.254044532775879       0.0       -8.431903839111328       0.0
5.949999809265137       2.130811929702759       0.062286775559186935       2.0259504318237305       0.0       -13.569459915161133       0.0
5.9666666984558105       10.262347221374512       0.06037026271224022       0.9898115992546082       0.0       -7.979583263397217       0.0
5.983333110809326       19.907804489135742       0.05851271376013756       -2.355409860610962       0.0       1.8707473278045654       0.0
6.0       7.832563400268555       0.0567123219370842       -4.996696949005127       0.0       -6.382871150970459       0.0
6.016666889190674       12.34062385559082       0.054967328906059265       3.9265968799591064       0.0       -2.3534867763519287       0.0
6.0333333015441895       13.531282424926758       0.053276024758815765       4.756355285644531       0.0       -0.01904331147670746       0.0
6.050000190734863       14.442776679992676       0.05163676291704178       -1.200980544090271       0.0       -3.1802291870117188       0.0
6.066666603088379       20.77645492553711       0.050047941505908966       -3.364128589630127       0.0       -0.2839844822883606       0.0
6.083333492279053       3.9092705249786377       0.04850800335407257       2.1333436965942383       0.0       -9.016167640686035       0.0
6.099999904632568       1.8680839538574219       0.04701545089483261       0.2462991625070572       0.0       -12.890851974487305       0.0
6.116666793823242       4.099438667297363       0.04556882008910179       -1.0982290506362915       0.0       -10.45159912109375       0.0
6.133333206176758       12.460411071777344       0.04416670277714729       -2.7590110301971436       0.0       -5.034285068511963       0.0
6.150000095367432       17.300086975097656       0.04280772805213928       0.4434730112552643       0.0       0.2493886798620224       0.0
6.166666507720947       16.69180679321289       0.04149056598544121       -0.5172207951545715       0.0       -2.8034729957580566       0.0
6.183333396911621       16.656827926635742       0.0402139350771904       -0.7191094756126404       0.0       -1.2109975814819336       0.0
6.199999809265137       15.659879684448242       0.04723735526204109       -0.1285591721534729       0.0       -1.9749393463134766       0.0
6.2166666984558105       10.586779594421387       0.052985645830631256       -0.6694329977035522       0.0       -4.48300313949585       0.0
6.233333110809326       37.95319366455078       0.062087807804346085       6.77354097366333       0.0       12.058701515197754       0.0
6.25       43.70050048828125       0.07552572339773178       5.462916374206543       0.0       20.462371826171875       0.0
6.266666889190674       54.7374382019043       0.09577114880084991       8.363408088684082       0.0       26.778799057006836       0.0
6.2833333015441895       94.00475311279297       0.12359357625246048       12.471476554870605       0.0       55.00226593017578       0.0
6.300000190734863       112.8006820678711       0.1505599319934845       19.13226318359375       0.0       65.30575561523438       0.023959463462233543
6.316666603088379       164.63279724121094       0.1766965538263321       28.565114974975586       0.0       107.26593780517578       0.05399148166179657
6.333333492279053       54.60634231567383       0.20202895998954773       -5.58432149887085       0.0       35.14552688598633       0.08309943228960037
6.349999904632568       191.99282836914062       0.22658191621303558       -8.561845779418945       0.0       121.95801544189453       0.11131176352500916
6.366666793823242       72.09493255615234       0.25037938356399536       18.401823043823242       0.0       43.65046310424805       0.13834048807621002
6.383333206176758       178.6629180908203       0.27344465255737305       -12.237966537475586       0.0       112.17060852050781       0.16485309600830078
6.400000095367432       218.65951538085938       0.26503095030784607       10.226577758789062       0.0       142.07151794433594       0.19054992496967316
6.416666507720947       248.65013122558594       0.2568761706352234       8.112929344177246       0.0       167.97598266601562       0.21545608341693878
6.433333396911621       78.39299011230469       0.24897228181362152       -8.798262596130371       0.0       47.31742858886719       0.23959589004516602
6.449999809265137       -58.88459014892578       0.24131159484386444       0.11975511163473129       0.0       -58.32200622558594       0.23222370445728302
6.4666666984558105       -13.608803749084473       0.23388662934303284       5.563094139099121       0.0       -20.0869197845459       0.22507835924625397
6.483333110809326       -28.84404754638672       0.2266901135444641       1.3854106664657593       0.0       -34.07970428466797       0.21815288066864014
6.5       45.29042053222656       0.21971502900123596       5.514621257781982       0.0       25.37458610534668       0.21144047379493713
6.516666889190674       -64.68058013916016       0.2129545658826828       8.646650314331055       0.0       -58.689109802246094       0.20493462681770325
6.5333333015441895       -4.687314510345459       0.20640212297439575       5.101078033447266       0.0       -17.53151512145996       0.19862893223762512
6.550000190734863       120.1625747680664       0.20005129277706146       -5.057708263397217       0.0       75.05492401123047       0.19251728057861328
6.566666603088379       0.0       0.1938958615064621       0.0       0.0       0.0       0.1865936666727066
6.583333492279053       0.1351846158504486       0.18792983889579773       -2.164717674255371       0.0       -0.04731817543506622       0.18085232377052307
6.599999904632568       580.6010131835938       0.18214738368988037       -161.323486328125       0.0       492.4396057128906       0.1752876341342926
6.616666793823242       281.26776123046875       0.17654284834861755       -105.5368881225586       0.0       286.74462890625       0.16989417374134064
6.633333206176758       478.03314208984375       0.17111076414585114       -149.1190948486328       0.0       422.7997131347656       0.16466666758060455
6.650000095367432       275.63116455078125       0.1658458113670349       -103.95208740234375       0.0       282.0874328613281       0.15959998965263367
6.666666507720947       465.00927734375       0.1607428640127182       -152.27194213867188       -0.03076923079788685       409.6175537109375       0.154689222574234
6.683333396911621       292.329833984375       0.15579693019390106       -108.16181182861328       -0.060591716319322586       296.7993469238281       0.14992955327033997
6.699999809265137       387.00628662109375       0.1510031819343567       -133.30477905273438       -0.08949658274650574       362.3965148925781       0.14531634747982025
6.7166666984558105       344.9951477050781       0.14635692536830902       -123.27994537353516       -0.11751207709312439       334.7333068847656       0.14084507524967194
6.733333110809326       349.3800354003906       0.14185363054275513       -129.21739196777344       -0.14466555416584015       335.3255310058594       0.13651137053966522
6.75       562.778076171875       0.13748890161514282       -184.0233612060547       -0.17098353803157806       487.0267639160156       0.13231103122234344
6.766666889190674       600.3164672851562       0.13325847685337067       -186.96458435058594       -0.19649173319339752       509.89654541015625       0.12823991477489471
6.7833333015441895       585.8505249023438       0.12915821373462677       -181.24423217773438       -0.22121506929397583       501.8025817871094       0.12429407238960266
6.800000190734863       566.4544677734375       0.12518411874771118       -180.90150451660156       -0.24517767131328583       489.58013916015625       0.12046963721513748
6.816666603088379       553.5562744140625       0.12133230268955231       -178.374267578125       -0.26840299367904663       478.9120178222656       0.11676288396120071
6.833333492279053       352.667236328125       0.1175990030169487       -130.3990936279297       -0.2909136712551117       337.0387878417969       0.11317017674446106
6.849999904632568       280.01727294921875       0.11398056894540787       -111.4000244140625       -0.31273171305656433       288.0893249511719       0.10968802124261856
6.866666793823242       264.4756774902344       0.11047347635030746       -100.58480834960938       -0.33387842774391174       276.386474609375       0.10631300508975983
6.883333206176758       240.00453186035156       0.10707429051399231       -92.83091735839844       -0.3543744683265686       259.0703430175781       0.10304183512926102
6.900000095367432       261.7848815917969       0.10377969592809677       -98.4515151977539       -0.37423986196517944       273.9902648925781       0.09987131506204605
6.916666507720947       258.25628662109375       0.10058647394180298       -94.73115539550781       -0.39349400997161865       271.5533752441406       0.0967983528971672
6.933333396911621       260.4757080078125       0.09749151021242142       -94.84422302246094       -0.41215574741363525       272.9727783203125       0.09381993860006332
6.949999809265137       252.2342529296875       0.09449177235364914       -94.19515991210938       -0.43024325370788574       267.2540283203125       0.0909331738948822
6.9666666984558105       259.3724365234375       0.09158433228731155       -97.1532974243164       -0.4477742314338684       272.5049133300781       0.08813522756099701
6.983333110809326       222.9462890625       0.08876635134220123       -91.2824935913086       -0.4647657871246338       247.1745147705078       0.08542337268590927
7.0       258.673583984375       0.08603508025407791       -98.25960540771484       -0.4812345504760742       271.8411865234375       0.08279496431350708
7.016666889190674       266.4581298828125       0.0833878442645073       -100.64529418945312       -0.4971965551376343       273.25201416015625       0.0802474245429039
7.0333333015441895       265.44390869140625       0.08082206547260284       -97.88689422607422       -0.5126674175262451       276.53924560546875       0.07777827233076096
7.050000190734863       269.3266296386719       0.0783352330327034       -99.71487426757812       -0.5276622772216797       279.11199951171875       0.07538510113954544
7.066666603088379       274.1308898925781       0.07592491805553436       -102.85064697265625       -0.542195737361908       282.7457580566406       0.07306555658578873
7.083333492279053       277.71820068359375       0.0735887661576271       -103.1880111694336       -0.5562820434570312       285.2461853027344       0.07081738859415054
7.099999904632568       283.7597351074219       0.07132449746131897       -105.31847381591797       -0.5699349045753479       289.3619384765625       0.0686383917927742
7.116666793823242       287.4783020019531       0.06912989914417267       -107.33406829833984       -0.5831676721572876       291.88336181640625       0.06652643531560898
7.133333206176758       293.1528015136719       0.06700282543897629       -109.580810546875       -0.5959932804107666       295.8990173339844       0.06447947025299072
7.150000095367432       297.1856689453125       0.06494119763374329       -111.67566680908203       -0.6084242463111877       298.5986022949219       0.06249548867344856
7.166666507720947       300.69482421875       0.0629430040717125       -113.54466247558594       -0.6204727292060852       301.2400817871094       0.060572549700737
7.183333396911621       308.93756103515625       0.061006300151348114       -116.67535400390625       -0.6321504712104797       307.00115966796875       0.05870877951383591
7.199999809265137       312.6620788574219       0.05912918224930763       -118.63255310058594       -0.643468976020813       309.6256103515625       0.05690235272049904
7.2166666984558105       312.7548828125       0.057309821248054504       -119.49076843261719       -0.6544391512870789       309.6714172363281       0.05515151098370552
7.233333110809326       313.48834228515625       0.05554644390940666       -120.41082000732422       -0.6650717854499817       310.2057800292969       0.05345454439520836
7.25       309.08050537109375       0.05383732169866562       -117.64164733886719       -0.6753772497177124       307.12249755859375       0.05180978775024414
7.266666889190674       311.5066223144531       0.05218078941106796       -118.65452575683594       -0.6853656768798828       308.9464111328125       0.05021563917398453
7.2833333015441895       312.3747863769531       0.05057522654533386       -119.15288543701172       -0.6950467228889465       309.33721923828125       0.04867054522037506
7.300000190734863       312.7747802734375       0.049019064754247665       -119.3712387084961       -0.7044298648834229       309.686767578125       0.04717298969626427
7.316666603088379       312.2300109863281       0.0475107878446579       -119.16529846191406       -0.713524341583252       309.4736633300781       0.04572151228785515
7.333333492279053       312.0469665527344       0.04604891687631607       -119.0359115600586       -0.7223389744758606       309.1202087402344       0.04431469738483429
7.349999904632568       312.4852600097656       0.04463202506303787       -119.31282043457031       -0.7308824062347412       309.3912353515625       0.04295116662979126
7.366666793823242       313.15985107421875       0.04325873404741287       -119.42688751220703       -0.7391629219055176       309.8399353027344       0.041629593819379807
7.383333206176758       311.4374084472656       0.04192769527435303       -119.02606964111328       -0.7471886873245239       309.1309814453125       0.040348682552576065
7.400000095367432       312.2586669921875       0.04063761234283447       -119.35440063476562       -0.7549675107002258       309.19500732421875       0.03910718485713005
7.416666507720947       313.03985595703125       0.03938722610473633       -119.74160766601562       -0.7625069618225098       309.7421875       0.037903886288404465
7.433333396911621       313.07958984375       0.0381753109395504       -119.55192565917969       -0.7698144316673279       309.88153076171875       0.03673761337995529
7.449999809265137       312.84393310546875       0.037000685930252075       -119.94682312011719       -0.7768970727920532       309.6841125488281       0.0356072261929512
7.4666666984558105       312.6379089355469       0.03586220368742943       -119.6927719116211       -0.7837617993354797       309.52587890625       0.03451161831617355
7.483333110809326       312.2074890136719       0.03475875034928322       -119.58221435546875       -0.7904152870178223       309.3785705566406       0.033449720591306686
7.5       313.2675476074219       0.03368924930691719       -119.93302154541016       -0.7968640327453613       309.8227233886719       0.03242050111293793
7.516666889190674       312.6181335449219       0.032652657479047775       -119.22472381591797       -0.8031143546104431       309.5426330566406       0.031422946602106094
7.5333333015441895       311.9864807128906       0.03164796158671379       -119.51127624511719       -0.8091723918914795       309.1201477050781       0.03045608662068844
7.550000190734863       312.9611511230469       0.030674176290631294       -120.03170776367188       -0.8150439858436584       309.9185485839844       0.02951897494494915
7.566666603088379       312.57269287109375       0.029730355367064476       -119.35785675048828       -0.820734977722168       309.39727783203125       0.028610698878765106
7.583333492279053       312.5561218261719       0.028815576806664467       -119.58677673339844       -0.8262507915496826       309.5039978027344       0.027730369940400124
7.599999904632568       312.4129943847656       0.027928942814469337       -119.43757629394531       -0.8315969109535217       309.4145202636719       0.026877127587795258
7.616666793823242       312.82720947265625       0.027069590985774994       -119.59954833984375       -0.8367785811424255       309.6362609863281       0.026050139218568802
7.633333206176758       311.8280944824219       0.026236679404973984       -119.31312561035156       -0.8418007493019104       308.95257568359375       0.02524859644472599
7.650000095367432       312.7655334472656       0.02542939782142639       -119.55562591552734       -0.8466684222221375       309.56494140625       0.024471716955304146
7.666666507720947       312.69683837890625       0.024646954610943794       -119.4427719116211       -0.851386308670044       309.6112060546875       0.023718740791082382
7.683333396911621       312.4886169433594       0.023888586089015007       -119.54629516601562       -0.8559590578079224       309.36163330078125       0.022988934069871902
7.699999809265137       312.3576354980469       0.023153552785515785       -119.44990539550781       -0.8603910803794861       309.3517761230469       0.022281581535935402
7.7166666984558105       312.9775390625       0.022441135719418526       -119.62852478027344       -0.8646867275238037       309.7619934082031       0.021595994010567665
7.733333110809326       313.2483825683594       0.021750640124082565       -119.70214080810547       -0.8688502311706543       309.90545654296875       0.020931502804160118
7.75       312.9488525390625       0.021081389859318733       -119.69593048095703       -0.8728855848312378       309.7419738769531       0.02028745599091053
7.766666889190674       312.7454833984375       0.02043273113667965       -119.61077117919922       -0.8767968416213989       309.6355895996094       0.01966322772204876
7.7833333015441895       312.6293640136719       0.019804032519459724       -119.57483673095703       -0.8805876970291138       309.5187072753906       0.01905820518732071
7.800000190734863       312.9853515625       0.019194677472114563       -119.51655578613281       -0.8842619061470032       309.71392822265625       0.018471797928214073
7.816666603088379       313.5738220214844       0.01860407181084156       -120.03987884521484       -0.8878231048583984       310.2826232910156       0.017903435975313187
7.833333492279053       312.70220947265625       0.018031638115644455       -119.62428283691406       -0.8912746906280518       309.54962158203125       0.01735256053507328
7.849999904632568       312.70416259765625       0.017476819455623627       -119.44267272949219       -0.8946200609207153       309.5927429199219       0.016818635165691376
7.866666793823242       312.6077575683594       0.01693907007575035       -119.69161987304688       -0.8978625535964966       309.5970458984375       0.016301138326525688
7.883333206176758       312.8955383300781       0.016417868435382843       -119.58414459228516       -0.901005208492279       309.75042724609375       0.015799565240740776
7.900000095367432       313.0990295410156       0.015912704169750214       -119.60880279541016       -0.9040512442588806       309.8454895019531       0.015313425101339817
7.916666507720947       312.9873352050781       0.015423081815242767       -119.45276641845703       -0.9070034623146057       309.7772521972656       0.014842242933809757
7.933333396911621       312.9208068847656       0.014948525466024876       -119.8714828491211       -0.9098649024963379       309.7727355957031       0.014385558664798737
7.949999809265137       312.5884094238281       0.014488570392131805       -119.57371520996094       -0.9126383066177368       309.6183166503906       0.01394292525947094
7.9666666984558105       313.1741943359375       0.014042768627405167       -119.53976440429688       -0.9153263568878174       309.8401184082031       0.013513912446796894
7.983333110809326       311.6877136230469       0.013610683381557465       -119.14702606201172       -0.9179316759109497       309.04327392578125       0.013098100200295448
8.0       311.8799743652344       0.013191892765462399       -119.29955291748047       -0.9204568862915039       309.01971435546875       0.012695081532001495
8.016666412353516       312.77435302734375       0.012785988859832287       -119.36372375488281       -0.922904372215271       309.775634765625       0.012304463423788548
8.033333778381348       312.5947570800781       0.012392573989927769       -119.83367919921875       -0.925276517868042       309.2787780761719       0.011925864964723587
8.050000190734863       312.9309997558594       0.012011263519525528       -119.80775451660156       -0.9275757074356079       309.8216552734375       0.011558914557099342
8.066666603088379       312.3337707519531       0.011641686782240868       -119.45227813720703       -0.9298041462898254       309.3238830566406       0.01120325643569231
8.083333015441895       312.14990234375       0.011283480562269688       -119.2526626586914       -0.9319640398025513       309.217529296875       0.010858540423214436
8.100000381469727       311.4856262207031       0.010936296544969082       -119.13093566894531       -0.9340574741363525       308.8468322753906       0.010524431243538857
8.116666793823242       312.4674072265625       0.010599794797599316       -119.36127471923828       -0.9360864758491516       309.5554504394531       0.010200602933764458
8.133333206176758       312.6866149902344       0.010273647494614124       -119.55928802490234       -0.9380530118942261       309.66497802734375       0.009886737912893295
8.149999618530273       312.7941589355469       0.009957535192370415       -119.42439270019531       -0.9399590492248535       309.6681823730469       0.009582530707120895
8.166666984558105       311.97637939453125       0.00965114962309599       -119.22142791748047       -0.9418064951896667       309.1446228027344       0.009287684224545956
8.183333396911621       313.00042724609375       0.009354190900921822       -119.74742889404297       -0.9435970783233643       309.7305908203125       0.00900190882384777
8.199999809265137       312.406982421875       0.009066370315849781       -119.49317169189453       -0.9453325271606445       309.4430847167969       0.008724926970899105
8.216666221618652       312.1915588378906       0.008787404745817184       -119.42002868652344       -0.9470146298408508       309.2601318359375       0.008456467650830746
8.233333587646484       312.4127197265625       0.008517023175954819       -119.67053985595703       -0.9486449360847473       309.39471435546875       0.008196269161999226
8.25       313.7342834472656       0.008254961110651493       -119.96566009521484       -0.9502251148223877       310.257568359375       0.0079440763220191
8.266666412353516       312.7234191894531       0.008000962436199188       -119.6102523803711       -0.9517565965652466       309.6844177246094       0.007699642796069384
8.283333778381348       312.6477355957031       0.007754778489470482       -119.62943267822266       -0.9532410502433777       309.57586669921875       0.007462730631232262
8.300000190734863       313.2612609863281       0.007516169920563698       -119.92456817626953       -0.9546797871589661       310.0332946777344       0.007233108393847942
8.316666603088379       312.3184814453125       0.007284903433173895       -119.6170654296875       -0.9560742378234863       309.4952392578125       0.007010551169514656
8.333333015441895       312.6737365722656       0.007060752250254154       -119.67913055419922       -0.9574257731437683       309.6307373046875       0.006794841960072517
8.350000381469727       311.58905029296875       0.006843498442322016       -119.1689224243164       -0.9587357640266418       308.9039001464844       0.006585769820958376
8.366666793823242       313.3802185058594       0.00663292920216918       -119.72992706298828       -0.9600054621696472       310.0770568847656       0.006383130792528391
8.383333206176758       312.12884521484375       0.006428839173167944       -119.30712890625       -0.9612360596656799       309.28033447265625       0.006186726503074169
8.399999618530273       311.9512939453125       0.006231028586626053       -118.99787902832031       -0.9624288082122803       309.1858825683594       0.005996366031467915
8.416666984558105       312.76226806640625       0.006039304658770561       -119.5553207397461       -0.963584840297699       309.57843017578125       0.0058118621818721294
8.433333396911621       312.4244079589844       0.005853480193763971       -119.38467407226562       -0.9647052884101868       309.28717041015625       0.0056330356746912
8.449999809265137       312.0436096191406       0.005673373118042946       -119.3753433227539       -0.9657912850379944       309.3164978027344       0.005459711421281099
8.466666221618652       312.51416015625       0.0054988074116408825       -119.3558120727539       -0.966843843460083       309.5436706542969       0.005291720386594534
8.483333587646484       312.72454833984375       0.005329613573849201       -119.55243682861328       -0.9678640365600586       309.6597595214844       0.005128898192197084
8.5       312.2872009277344       0.005165625363588333       -119.69476318359375       -0.9688528180122375       309.30743408203125       0.004971086047589779
8.516666412353516       311.7674560546875       0.005006683059036732       -118.96697998046875       -0.969811201095581       308.9957275390625       0.004818129353225231
8.533333778381348       312.8587341308594       0.004852631129324436       -119.3515625       -0.9707400798797607       309.7659606933594       0.00466987956315279
8.550000190734863       312.60986328125       0.0047033196315169334       -119.51001739501953       -0.971640408039093       309.6439208984375       0.004526190925389528
8.566666603088379       312.21490478515625       0.0045586018823087215       -119.53339385986328       -0.9725130200386047       309.2418518066406       0.004386923275887966
8.583333015441895       312.3807678222656       0.0044183372519910336       -119.61283111572266       -0.9733587503433228       309.4511413574219       0.004251941107213497
8.600000381469727       312.1597595214844       0.004282388370484114       -119.19220733642578       -0.9741784930229187       309.1919860839844       0.004121112171560526
8.616666793823242       313.309814453125       0.004150622524321079       -119.92691802978516       -0.9749730229377747       309.9125061035156       0.00399430887773633
8.633333206176758       312.2592468261719       0.004022911190986633       -119.4718246459961       -0.9757430553436279       309.2166442871094       0.0038714068941771984
8.649999618530273       313.90423583984375       0.0038991293404251337       -120.21054077148438       -0.9764894247055054       310.5937194824219       0.0037522867787629366
8.666666984558105       312.12750244140625       0.003779156133532524       -119.49877166748047       -0.9772128462791443       309.0502624511719       0.0036368316505104303
8.683333396911621       312.61383056640625       0.0036628744564950466       -119.34909057617188       -0.9779139757156372       309.48382568359375       0.0035249292850494385
8.699999809265137       312.28076171875       0.003550170687958598       -119.45811462402344       -0.9785935282707214       309.3596496582031       0.0034164697863161564
8.716666221618652       313.09912109375       0.0034409346990287304       -119.54444122314453       -0.9792522192001343       309.923583984375       0.003311347682029009
8.733333587646484       312.1993103027344       0.0033350596204400063       -119.46871185302734       -0.9798905849456787       309.3587646484375       0.003209460061043501
8.75       313.3170471191406       0.0032324425410479307       -119.86344909667969       -0.980509340763092       309.9797668457031       0.0031107075046747923
8.766666412353516       313.3170471191406       0.0031329826451838017       -119.86344909667969       -0.981109082698822       309.5403747558594       0.0030149933882057667
8.783333778381348       313.1241760253906       0.0030365833081305027       -119.66616821289062       -0.9816903471946716       309.8072509765625       0.002922224346548319
8.800000190734863       312.29620361328125       0.0029431500006467104       -119.33789825439453       -0.9822536706924438       309.37652587890625       0.0028323098085820675
8.816666603088379       313.2100524902344       0.0028525914531201124       -119.75284576416016       -0.9827997088432312       310.09393310546875       0.0027451617643237114
8.833333015441895       311.89849853515625       0.002764819422736764       -119.5311508178711       -0.9833289980888367       309.0366516113281       0.002660695230588317
8.850000381469727       312.1352844238281       0.0026797479949891567       -119.37220764160156       -0.9838419556617737       309.19696044921875       0.0025788277853280306
8.866666793823242       312.5122375488281       0.00259729428216815       -119.43151092529297       -0.9843391180038452       309.3547058105469       0.002499479101970792
8.883333206176758       311.78466796875       0.0025173774920403957       -118.90457916259766       -0.9848209619522095       309.026611328125       0.002422572113573551
8.899999618530273       312.87152099609375       0.00243991962634027       -119.4168930053711       -0.9852880239486694       309.6603088378906       0.002348031383007765
8.916666984558105       312.6470947265625       0.002364845247939229       -119.68580627441406       -0.9857407212257385       309.6042175292969       0.0022757842671126127
8.933333396911621       312.74017333984375       0.002292080782353878       -119.6744613647461       -0.9861794710159302       309.5766906738281       0.0022057602182030678
8.949999809265137       313.2580871582031       0.0022215552162379026       -119.87604522705078       -0.9866046905517578       309.9264221191406       0.002137890551239252
8.966666221618652       312.273681640625       0.0021531996317207813       -119.23458099365234       -0.9870168566703796       309.211669921875       0.0020721093751490116
8.983333587646484       312.8630065917969       0.002086947439238429       -119.53665924072266       -0.9874163269996643       309.621337890625       0.0020083521958440542
9.0       312.14569091796875       0.0020227336790412664       -119.5380630493164       -0.9878035187721252       309.3058166503906       0.0019465567311272025
9.016666412353516       313.1116638183594       0.0019604957196861506       -119.60033416748047       -0.9881787896156311       309.91339111328125       0.0018866626778617501
9.033333778381348       312.8844299316406       0.001900172675959766       -119.71121978759766       -0.9885425567626953       309.6177978515625       0.0018286114791408181
9.050000190734863       312.4598693847656       0.0018417058745399117       -119.41948699951172       -0.988895058631897       309.5046081542969       0.0017723465571179986
9.066666603088379       312.4419860839844       0.0017850380390882492       -119.48737335205078       -0.9892367720603943       309.45556640625       0.0017178127309307456
9.083333015441895       312.5914611816406       0.0017301137559115887       -119.59677124023438       -0.9895679354667664       309.32177734375       0.0016649570316076279
9.100000381469727       312.24334716796875       0.0016768794739618897       -119.40750885009766       -0.9898889064788818       309.33270263671875       0.0016137275379151106
9.116666793823242       312.8028869628906       0.0016252831555902958       -119.82843780517578       -0.9902000427246094       309.75811767578125       0.0015640744240954518
9.133333206176758       313.21575927734375       0.0015752745093777776       -119.82866668701172       -0.9905015826225281       309.8292541503906       0.001515949028544128
9.149999618530273       312.9993896484375       0.001526804524473846       -119.73170471191406       -0.9907938241958618       309.9256591796875       0.0014693044358864427
9.166666984558105       312.0495300292969       0.0014798259362578392       -119.38312530517578       -0.9910771250724792       309.20452880859375       0.0014240951277315617
9.183333396911621       312.1705017089844       0.0014342927606776357       -119.4676742553711       -0.9913516640663147       309.4288024902344       0.0013802767498418689
9.199999809265137       312.81402587890625       0.0013901607599109411       -119.6594009399414       -0.991617739200592       309.6711120605469       0.0013378066942095757
9.216666221618652       313.4752197265625       0.0013473865110427141       -119.6555404663086       -0.9918756484985352       310.11859130859375       0.0012966434005647898
9.233333587646484       312.6725158691406       0.0013059284538030624       -119.62295532226562       -0.9921256303787231       309.6207275390625       0.001256746705621481
9.25       311.9370422363281       0.0012657460756599903       -119.0608139038086       -0.9923679232597351       308.999267578125       0.0012180776102468371
9.266666412353516       313.0163879394531       0.0012268000282347202       -119.61192321777344       -0.9926027655601501       309.9464416503906       0.0011805982794612646
9.283333778381348       313.8432312011719       0.0011890523601323366       -120.1772232055664       -0.9928303956985474       310.3445739746094       0.0011442721588537097
9.300000190734863       312.6764831542969       0.0011524661676958203       -119.62350463867188       -0.9930509924888611       309.6114807128906       0.001109063858166337
9.316666603088379       313.0025634765625       0.0011170055950060487       -119.6873779296875       -0.9932647943496704       309.7239074707031       0.001074938802048564
9.333333015441895       312.2899475097656       0.0010826361831277609       -119.34431457519531       -0.9934720396995544       309.292724609375       0.001041863695718348
9.350000381469727       312.9554748535156       0.001049324288032949       -119.69973754882812       -0.9936729073524475       309.6430969238281       0.001009806408546865
9.366666793823242       313.9720458984375       0.0010170374298468232       -120.32681274414062       -0.9938675761222839       310.4761962890625       0.0009787353919818997
9.383333206176758       312.2887878417969       0.0009857439436018467       -119.58631134033203       -0.9940562844276428       309.18023681640625       0.0009486204944550991
9.399999618530273       312.2072448730469       0.0009554133866913617       -119.43181610107422       -0.9942391514778137       309.04144287109375       0.000919432146474719
9.416666984558105       313.32086181640625       0.0009260160732083023       -119.79955291748047       -0.9944164156913757       310.052001953125       0.0008911419427022338
9.433333396911621       312.50604248046875       0.0008975232485681772       -119.59300994873047       -0.9945881962776184       309.5247802734375       0.0008637221762910485
9.449999809265137       311.5952453613281       0.0008699071477167308       -119.06466674804688       -0.9947547316551208       308.7668151855469       0.000837146129924804
9.466666221618652       312.1563720703125       0.0008431407622992992       -119.2598876953125       -0.9949161410331726       309.1103210449219       0.0008113877847790718
9.483333587646484       312.81884765625       0.0008171979570761323       -119.65177154541016       -0.9950725436210632       309.75       0.0007864219951443374
9.5       312.2940673828125       0.0007920534117147326       -119.34545135498047       -0.9952241778373718       309.2830505371094       0.000762224372010678
9.516666412353516       312.6347351074219       0.0007676825625821948       -119.45478057861328       -0.9953711032867432       309.5683898925781       0.0007387713412754238
9.533333778381348       312.52117919921875       0.0007440615445375443       -119.5928726196289       -0.9955135583877563       309.4871520996094       0.0007160399109125137
9.550000190734863       313.4681701660156       0.0007211673655547202       -119.78330993652344       -0.9956516027450562       308.9073791503906       0.0006940079038031399
9.566666603088379       312.70416259765625       0.0006989775574766099       -119.50679779052734       -0.9957853555679321       309.51031494140625       0.0006726538413204253
9.583333015441895       312.8714904785156       0.0006774705834686756       -119.6390380859375       -0.9959150552749634       309.8265686035156       0.0006519567687064409
9.600000381469727       312.88189697265625       0.0006566253141500056       -119.47322845458984       -0.9960407614707947       309.66033935546875       0.0006318965461105108
9.616666793823242       312.4437561035156       0.000636421493254602       -119.43103790283203       -0.9961625933647156       309.4319763183594       0.000612453615758568
9.633333206176758       313.2204895019531       0.0006168392719700933       -119.74945831298828       -0.9962806701660156       310.07940673828125       0.000593608885537833
9.649999618530273       312.3960876464844       0.0005978596163913608       -119.43341827392578       -0.9963951110839844       309.5406188964844       0.000575343961827457
9.666666984558105       313.1504211425781       0.0005794639000669122       -119.83340454101562       -0.9965060353279114       309.8836669921875       0.0005576410912908614
9.683333396911621       311.770751953125       0.0005616342532448471       -118.96697998046875       -0.9966135025024414       308.9857482910156       0.000540482928045094
9.699999809265137       311.2235107421875       0.0005443532136268914       -118.96074676513672       -0.9967176914215088       308.45574951171875       0.0005238526500761509
9.716666221618652       312.50372314453125       0.0005276039009913802       -119.36947631835938       -0.9968187212944031       309.3673095703125       0.000507734133861959
9.733333587646484       312.5466613769531       0.000511369900777936       -119.57862854003906       -0.9969165921211243       309.6199645996094       0.0004921115469187498
9.75       312.3255920410156       0.0004956354387104511       -119.52313232421875       -0.9970114827156067       309.1673583984375       0.00047696963883936405
9.766666412353516       313.4980773925781       0.0004803851479664445       -119.87811279296875       -0.9971034526824951       310.2265319824219       0.00046229365398176014
9.783333778381348       312.7738037109375       0.0004656040691770613       -119.37045288085938       -0.9971925616264343       309.6761779785156       0.0004480692441575229
9.800000190734863       312.6002197265625       0.00045127776684239507       -119.52399444580078       -0.9972789287567139       309.46856689453125       0.00043428249773569405
9.816666603088379       312.78485107421875       0.00043739230022765696       -119.4279556274414       -0.9973626732826233       309.6809997558594       0.0004209199396427721
9.833333015441895       312.82073974609375       0.0004239340778440237       -119.8355941772461       -0.9974437952041626       309.6171875       0.00040796856046654284
9.850000381469727       313.1898498535156       0.00041088994476012886       -119.76254272460938       -0.9975224733352661       309.9637756347656       0.00039541570004075766
9.866666793823242       313.17694091796875       0.0003982471826020628       -119.64856719970703       -0.9975987076759338       309.9526062011719       0.00038324904744513333
9.883333206176758       312.0798645019531       0.0003859934222418815       -119.08277893066406       -0.9976725578308105       309.2434997558594       0.00037145675742067397
9.899999618530273       313.0325927734375       0.00037411670200526714       -119.72492980957031       -0.9977442026138306       309.9458312988281       0.00036002733395434916
9.916666984558105       312.4524841308594       0.000362605438567698       -119.36721801757812       -0.9978135824203491       309.49853515625       0.00034894957207143307
9.933333396911621       312.36358642578125       0.00035144833964295685       -119.10700225830078       -0.9978808760643005       309.2333068847656       0.0003382126451469958
9.949999809265137       313.1426696777344       0.00034063454950228333       -119.79116821289062       -0.9979460835456848       309.6919860839844       0.00032780610490590334
9.966666221618652       313.14434814453125       0.0003301534743513912       -119.5453109741211       -0.9980092644691467       310.529541015625       0.0003177197650074959
9.983333587646484       313.2203369140625       0.0003199948987457901       -119.53117370605469       -0.9980705380439758       309.9119567871094       0.00030794378835707903
10.0       313.9891357421875       0.00031014889827929437       -119.85626983642578       -0.9981299042701721       310.4855651855469       0.0002984685997944325
10.016666412353516       313.0209655761719       0.0003006058686878532       -119.61182403564453       -0.9981874227523804       309.93548583984375       0.0002892849443014711
10.033333778381348       313.2705078125       0.00029135646764189005       -119.87582397460938       -0.9982432126998901       309.89678955078125       0.00028038385789841413
10.050000190734863       314.0567626953125       0.0002823916438501328       -119.78772735595703       -0.9982972741127014       310.49993896484375       0.0002717566676437855
10.066666603088379       312.7769775390625       0.0002737026661634445       -119.5477066040039       -0.998349666595459       309.64111328125       0.0002633949334267527
10.083333015441895       313.5431823730469       0.00026528103626333177       -120.17115783691406       -0.9984004497528076       310.19329833984375       0.0002552904770709574
10.100000381469727       314.18658447265625       0.0002571185468696058       -120.23040008544922       -0.9984496235847473       310.60400390625       0.00024743538233451545
10.116666793823242       313.3599548339844       0.0002492072235327214       -119.79322052001953       -0.9984973669052124       310.04876708984375       0.00023982198035810143
10.133333206176758       313.6337890625       0.00024153929552994668       -119.91887664794922       -0.9985436201095581       310.28326416015625       0.00023244283511303365
10.149999618530273       313.9859313964844       0.00023410732683259994       -120.03258514404297       -0.9985883831977844       310.4560852050781       0.0002252907579531893
10.166666984558105       313.0680236816406       0.00022690402693115175       -119.5546875       -0.9986318349838257       309.88690185546875       0.00021835873485542834
10.183333396911621       313.31768798828125       0.00021992235269863158       -119.51234436035156       -0.9986739158630371       309.9678649902344       0.00021163999917916954
10.199999809265137       313.0138244628906       0.00021315552294254303       -119.4456558227539       -0.9987147450447083       309.8168640136719       0.00020512800256256014
10.216666221618652       313.12152099609375       0.00020659688743762672       -119.65428161621094       -0.9987542629241943       309.9971618652344       0.00019881637126673013
10.233333587646484       313.74542236328125       0.0002002400578930974       -120.02195739746094       -0.9987925887107849       310.25164794921875       0.00019269893527962267
10.25       313.3023681640625       0.00019407882064115256       -119.56018829345703       -0.9988297820091248       310.1215515136719       0.00018676974286790937
10.266666412353516       313.1590576171875       0.00018810716574080288       -119.43421173095703       -0.9988657832145691       309.7452392578125       0.0001810229878174141
10.283333778381348       312.8698425292969       0.0001823192578740418       -119.41641998291016       -0.9989006519317627       309.66876220703125       0.0001754530385369435
10.300000190734863       312.41705322265625       0.00017670943634584546       -119.27035522460938       -0.9989345073699951       309.261474609375       0.0001700544817140326
10.316666603088379       313.4851989746094       0.00017127221508417279       -119.82115173339844       -0.9989672899246216       310.2402038574219       0.00016482204955536872
10.333333015441895       313.2256164550781       0.00016600231174379587       -119.63582611083984       -0.9989990592002869       310.03009033203125       0.00015975059068296105
10.350000381469727       313.42633056640625       0.00016089454584289342       -119.78569030761719       -0.9990298748016357       310.0746765136719       0.00015483518654946238
10.366666793823242       313.38348388671875       0.00015594394062645733       -119.61044311523438       -0.9990596771240234       310.13446044921875       0.00015007103502284735
10.383333206176758       313.9891662597656       0.0001511456648586318       -119.8484115600586       -0.9990886449813843       310.5740051269531       0.00014545346493832767
10.399999618530273       313.3568115234375       0.00014649503282271326       -119.79238891601562       -0.9991166591644287       310.0596008300781       0.00014097796520218253
10.416666984558105       313.2314147949219       0.00014198748976923525       -119.75370788574219       -0.9991438388824463       310.0537414550781       0.00013664018479175866
10.433333396911621       313.6809997558594       0.00013761864101979882       -120.090576171875       -0.999170184135437       310.2319030761719       0.00013243587454780936
10.449999809265137       313.50341796875       0.00013338422286324203       -119.71007537841797       -0.9991957545280457       310.15887451171875       0.00012836093083024025
10.466666221618652       313.8021545410156       0.0001292800880037248       -119.8814468383789       -0.9992204904556274       310.4608459472656       0.00012441135186236352
10.483333587646484       312.89697265625       0.0001253022492164746       -119.57581329345703       -0.9992444515228271       309.8370056152344       0.00012058331776643172
10.5       313.222412109375       0.00012144679203629494       -119.74836730957031       -0.9992676973342896       310.0817565917969       0.00011687305959640071
10.516666412353516       312.9789123535156       0.00011770996934501454       -119.5682601928711       -0.9992902278900146       309.8250427246094       0.00011327696847729385
10.533333778381348       313.3649597167969       0.00011408812133595347       -119.67255401611328       -0.9993121027946472       310.0986328125       0.00010979152284562588
10.550000190734863       312.9674987792969       0.00011057771916966885       -119.3937759399414       -0.9993332624435425       309.8031005859375       0.00010641331755323336
10.566666603088379       313.68377685546875       0.00010717532859416679       -119.91039276123047       -0.9993537664413452       310.2750244140625       0.00010313906386727467
10.583333015441895       313.56597900390625       0.00010387762449681759       -119.86348724365234       -0.9993736743927002       310.3406066894531       9.996555309044197e-05
10.600000381469727       313.1673278808594       0.0001006813909043558       -119.6975326538086       -0.9993929266929626       310.09759521484375       9.688969294074923e-05
10.616666793823242       313.4253234863281       9.75834991550073e-05       -119.85212707519531       -0.9994115829467773       309.9134216308594       9.390847117174417e-05
10.633333206176758       312.6266174316406       9.458092972636223e-05       -119.22474670410156       -0.9994297027587891       309.5215148925781       9.101897740038112e-05
10.649999618530273       312.8650817871094       9.167075040750206e-05       -119.70701599121094       -0.999447226524353       309.7479553222656       8.821839583106339e-05
10.666666984558105       313.4123840332031       8.885010902304202e-05       -119.72371673583984       -0.9994642734527588       310.0931701660156       8.550398342777044e-05
10.683333396911621       313.9427185058594       8.611626253696159e-05       -119.81287384033203       -0.9994807243347168       310.3807373046875       8.28730917419307e-05
10.699999809265137       312.6539306640625       8.346653339685872e-05       -119.52313232421875       -0.9994966983795166       309.4280090332031       8.032315236050636e-05
10.716666221618652       313.2558898925781       8.089833136182278e-05       -119.75804138183594       -0.9995121955871582       309.9091491699219       7.785166963003576e-05
10.733333587646484       312.1929931640625       7.840915350243449e-05       -119.30277252197266       -0.9995272159576416       309.23779296875       7.54562352085486e-05
10.75       313.5409240722656       7.59965623728931e-05       -119.7115249633789       -0.9995417594909668       310.0697937011719       7.313449896173552e-05
10.766666412353516       313.4661865234375       7.365820783888921e-05       -119.89257049560547       -0.9995558857917786       310.1122741699219       7.088421261869371e-05
10.783333778381348       312.889892578125       7.139179797377437e-05       -119.47368621826172       -0.9995695352554321       309.6399841308594       6.870315701235086e-05
10.800000190734863       313.1153869628906       6.919512816239148e-05       -119.6615982055664       -0.9995827674865723       309.9095764160156       6.658921483904123e-05
10.816666603088379       313.9327087402344       6.706604472128674e-05       -119.92546844482422       -0.999595582485199       310.74346923828125       6.45403124508448e-05
10.833333015441895       313.37786865234375       6.500247400254011e-05       -119.72994232177734       -0.999608039855957       310.0845031738281       6.255445623537526e-05
10.850000381469727       313.63720703125       6.300240056589246e-05       -119.7453384399414       -0.9996201395988464       310.2278137207031       6.0629707149928436e-05
10.866666793823242       313.87835693359375       6.106386717874557e-05       -120.11456298828125       -0.9996318221092224       310.345458984375       5.8764177083503455e-05
10.883333206176758       313.44793701171875       5.9184978454140946e-05       -120.00910949707031       -0.9996431469917297       310.1800842285156       5.695604704669677e-05
10.899999618530273       313.19818115234375       5.736390085075982e-05       -119.87960815429688       -0.9996541142463684       309.9696960449219       5.520355261978693e-05
10.916666984558105       313.7327880859375       5.5598859034944326e-05       -119.79194641113281       -0.9996647834777832       310.21527099609375       5.350498395273462e-05
10.933333396911621       313.14154052734375       5.38881249667611e-05       -119.59880828857422       -0.9996750950813293       309.929931640625       5.185867485124618e-05
10.949999809265137       312.7080078125       5.223002881393768e-05       -119.32933807373047       -0.9996850490570068       309.54296875       5.026302460464649e-05
10.966666221618652       313.3234558105469       5.062294803792611e-05       -119.80565643310547       -0.9996947646141052       309.9400939941406       4.87164688820485e-05
10.983333587646484       312.71588134765625       4.906532194581814e-05       -119.61604309082031       -0.999704122543335       309.61248779296875       4.721750156022608e-05
11.0       312.55218505859375       4.7555618948535994e-05       -119.40951538085938       -0.9997132420539856       309.55157470703125       4.576465653371997e-05
11.016666412353516       313.56658935546875       4.60923693026416e-05       -119.88155364990234       -0.9997220635414124       310.07025146484375       4.43565113528166e-05
11.033333778381348       312.2498779296875       4.4674143282463774e-05       -119.2328872680664       -0.99973064661026       309.2712097167969       4.299169813748449e-05
11.050000190734863       312.7602233886719       4.3299551180098206e-05       -119.66719818115234       -0.9997389316558838       309.61541748046875       4.166887447354384e-05
11.066666603088379       312.88360595703125       4.196725785732269e-05       -119.06639099121094       -0.9997469782829285       309.624755859375       4.0386756154475734e-05
11.083333015441895       313.3169860839844       4.067595727974549e-05       -119.68561553955078       -0.9997547268867493       310.0174255371094       3.914408807759173e-05
11.100000381469727       313.3422546386719       3.942439070669934e-05       -119.7431411743164       -0.9997622966766357       309.9798278808594       3.793965151999146e-05
11.116666793823242       313.0310363769531       3.821133213932626e-05       -119.50225830078125       -0.9997695684432983       309.7928466796875       3.677227869047783e-05
11.133333206176758       312.6665344238281       3.703559923451394e-05       -119.6217269897461       -0.9997766613960266       309.6332092285156       3.5640823625726625e-05
11.149999618530273       312.75732421875       3.589604239095934e-05       -119.19673156738281       -0.9997835755348206       309.6782531738281       3.4544184018159285e-05
11.166666984558105       313.5218505859375       3.4791548387147486e-05       -119.86105346679688       -0.9997901916503906       310.4486999511719       3.348128666402772e-05
11.183333396911621       313.0175476074219       3.3721040381351486e-05       -119.51329803466797       -0.9997966885566711       309.7148742675781       3.2451091101393104e-05
11.199999809265137       313.7940368652344       3.2683470635674894e-05       -120.00553894042969       -0.9998029470443726       310.4116516113281       3.1452596886083484e-05
11.216666221618652       313.0186462402344       3.167782415403053e-05       -119.45271301269531       -0.9998089671134949       309.7046813964844       3.0484825401799753e-05
11.233333587646484       313.1121826171875       3.070312232011929e-05       -119.60872650146484       -0.9998148679733276       309.8186950683594       2.954683077405207e-05
11.25       313.12164306640625       2.9758410164504312e-05       -119.59745025634766       -0.9998205900192261       309.968994140625       2.8637696232181042e-05
11.266666412353516       313.6489562988281       2.88427672785474e-05       -120.0328598022461       -0.9998260736465454       310.2840881347656       2.775653774733655e-05
11.283333778381348       313.1875       2.7955296900472604e-05       -119.7139892578125       -0.9998314380645752       309.8596496582031       2.6902489480562508e-05
