t       fx       vx       fy       vy       fz       vz
0.0       -1.3887057304382324       0.0       6.4946441650390625       0.0       4.847772598266602       0.0
0.01666666753590107       0.33160877227783203       0.0       -0.2468692809343338       0.0       -0.7677143216133118       0.0
0.03333333507180214       1.9313769340515137       0.0       -4.884133338928223       0.0       -4.41298246383667       0.0
0.05000000074505806       1.1503969430923462       0.0       -8.765579223632812       0.0       -2.506959915161133       0.0
0.06666667014360428       -1.0873758792877197       0.0       0.17439810931682587       0.0       2.7649831771850586       0.0
0.0833333358168602       -0.5330184698104858       0.0       -0.5417553186416626       0.0       1.5193454027175903       0.0
0.10000000149011612       -0.029705939814448357       0.0       -1.0677920579910278       0.0       0.051462091505527496       0.0
0.11666666716337204       -0.04449242725968361       0.0       -1.5200448036193848       0.0       0.8260045051574707       0.0
0.13333334028720856       -0.3055962920188904       0.0       -1.799780249595642       0.0       1.102129578590393       0.0
0.15000000596046448       -0.3357184827327728       0.0       -1.4608961343765259       0.0       1.2958524227142334       0.0
0.1666666716337204       -0.4923698604106903       0.0       -1.1032975912094116       0.0       2.4353582859039307       0.0
0.18333333730697632       -0.08491045981645584       0.0       -1.91804039478302       0.0       0.012050744146108627       0.0
0.20000000298023224       -0.3365561068058014       0.0       -0.9718863368034363       0.0       1.0907453298568726       0.0
0.21666666865348816       -0.4198664426803589       0.0       -1.2686184644699097       0.0       1.2368355989456177       0.0
0.23333333432674408       -0.1731317937374115       0.0       -1.6554222106933594       0.0       0.9308245182037354       0.0
0.25       -0.07775749266147614       0.0       -1.3728703260421753       0.0       1.014953374862671       0.0
0.2666666805744171       0.023271212354302406       0.0       -0.7789491415023804       0.0       0.5048927068710327       0.0
0.28333333134651184       0.017668409273028374       0.0       -1.1296285390853882       0.0       1.2050609588623047       0.0
0.30000001192092896       0.13606524467468262       0.0       -0.7644233703613281       0.0       1.3065686225891113       0.0
0.3166666626930237       0.13606524467468262       0.0       -0.7644233703613281       0.0       1.3065686225891113       0.0
0.3333333432674408       -0.14158304035663605       0.0       -1.3993393182754517       0.0       1.3263872861862183       0.0
0.3499999940395355       0.45845404267311096       0.0       -1.3858857154846191       0.0       0.7196402549743652       0.0
0.36666667461395264       -0.15038135647773743       0.0       -1.2508594989776611       0.0       0.9261801242828369       0.0
0.38333332538604736       -0.22150975465774536       0.0       -1.1596755981445312       0.0       1.3771088123321533       0.0
0.4000000059604645       -0.04610463231801987       0.0       -1.0175268650054932       0.0       0.45531022548675537       0.0
0.4166666567325592       -0.6580521464347839       0.0       -1.2867977619171143       0.0       1.5470384359359741       0.0
0.4333333373069763       -0.16510307788848877       0.0       -0.9233047962188721       0.0       0.7637168169021606       0.0
0.44999998807907104       -0.4440087080001831       0.0       -1.023657202720642       0.0       1.058561086654663       0.0
0.46666666865348816       -0.8800877928733826       0.0       -1.188677191734314       0.0       1.1156768798828125       0.0
0.4833333194255829       -0.245125412940979       0.0       -1.2950907945632935       0.0       1.1758514642715454       0.0
0.5       -0.5858938694000244       0.0       -1.8204331398010254       0.0       2.0008676052093506       0.0
0.5166666507720947       0.45833662152290344       0.0       -0.9142773151397705       0.0       0.4521928131580353       0.0
0.5333333611488342       -0.10592281818389893       0.0       -1.3264827728271484       0.0       1.3446258306503296       0.0
0.550000011920929       -0.1893967092037201       0.0       -1.050410509109497       0.0       0.7784808278083801       0.0
0.5666666626930237       -0.49989020824432373       0.0       -1.5047084093093872       0.0       1.3290061950683594       0.0
0.5833333134651184       -0.44526636600494385       0.0       -0.9734296202659607       0.0       1.4624578952789307       0.0
0.6000000238418579       -0.23162785172462463       0.0       -1.1284500360488892       0.0       1.8711508512496948       0.0
0.6166666746139526       -0.219410240650177       0.0       -1.6205202341079712       0.0       1.0547938346862793       0.0
0.6333333253860474       -0.32757192850112915       0.0       -1.0171332359313965       0.0       0.17379681766033173       0.0
0.6499999761581421       -0.2240195870399475       0.0       -1.7056840658187866       0.0       1.1697235107421875       0.0
0.6666666865348816       -0.18254981935024261       0.0       -0.826543390750885       0.0       1.4306399822235107       0.0
0.6833333373069763       0.3639785945415497       0.0       -1.5030347108840942       0.0       0.5151460766792297       0.0
0.699999988079071       0.0628635510802269       0.0       -0.7910364866256714       0.0       -0.07054129987955093       0.0
0.7166666388511658       -0.7175417542457581       0.0       -1.0570725202560425       0.0       3.288846492767334       0.0
0.7333333492279053       -0.5782385468482971       0.0       -1.5278127193450928       0.0       1.7144526243209839       0.0
0.75       0.9913420677185059       0.0       -1.4871829748153687       0.0       -0.6811010837554932       0.0
0.7666666507720947       0.0008846544660627842       0.0       -1.3775160312652588       0.0       0.8738277554512024       0.0
0.7833333611488342       -0.6304369568824768       0.0       -1.4607176780700684       0.0       2.922071933746338       0.0
0.800000011920929       -0.5669068694114685       0.0       -0.9152289032936096       0.0       2.3010001182556152       0.0
0.8166666626930237       -0.6951612830162048       0.0       -1.034065842628479       0.0       2.8371424674987793       0.0
0.8333333134651184       -0.49770599603652954       0.0       -1.0956107378005981       0.0       2.6512985229492188       0.0
0.8500000238418579       -0.2700406610965729       0.0       -1.3399018049240112       0.0       1.5112179517745972       0.0
0.8666666746139526       -0.06198424473404884       0.0       -1.1851069927215576       0.0       1.9798920154571533       0.0
0.8833333253860474       -0.46585357189178467       0.0       -1.428119421005249       0.0       1.7920265197753906       0.0
0.8999999761581421       0.20202969014644623       0.0       -0.9494312405586243       0.0       0.6354148983955383       0.0
0.9166666865348816       -0.8423158526420593       0.0       -1.1656652688980103       0.0       1.8958449363708496       0.0
0.9333333373069763       -0.573110044002533       0.0       -0.7560597062110901       0.0       1.7463798522949219       0.0
0.949999988079071       -0.8236187100410461       0.0       -1.0187991857528687       0.0       2.2363898754119873       0.0
0.9666666388511658       -0.07234800606966019       0.0       -0.7357813715934753       0.0       1.7279281616210938       0.0
0.9833333492279053       -0.8694298267364502       0.0       -1.150848627090454       0.0       2.69901967048645       0.0
1.0       -0.5475503206253052       0.0       -0.816748321056366       0.0       2.901043653488159       0.0
1.0166666507720947       -1.315657138824463       0.0       -0.2711896598339081       0.0       3.399120330810547       0.0
1.0333333015441895       -1.6605072021484375       0.0       -1.040334939956665       0.0       5.133236408233643       0.0
1.0499999523162842       -1.6211098432540894       0.0       -1.4059199094772339       0.0       5.24891471862793       0.0
1.0666667222976685       -1.368252158164978       0.0       -0.8170129656791687       0.0       4.900989532470703       0.0
1.0833333730697632       -1.93955659866333       0.0       -0.7796293497085571       0.0       6.639932155609131       0.0
1.100000023841858       -2.002671003341675       0.0       -0.6165691614151001       0.0       6.227710247039795       0.0
1.1166666746139526       -1.9001972675323486       0.0       -1.5354326963424683       0.0       6.311228275299072       0.0
1.1333333253860474       -2.395761489868164       0.0       -1.6191202402114868       0.0       7.855367660522461       0.0
1.149999976158142       -2.6300578117370605       0.0       -1.5778053998947144       0.0       7.598488807678223       0.0
1.1666666269302368       -2.5849039554595947       0.0       -1.2287966012954712       0.0       7.441317558288574       0.0
1.1833332777023315       -2.581364154815674       0.0       -1.7595863342285156       0.0       8.406667709350586       0.0
1.2000000476837158       -2.9248321056365967       0.0       -1.7583180665969849       0.0       9.357736587524414       0.0
1.2166666984558105       -2.3008694648742676       0.0       -0.5606188774108887       0.0       8.0474853515625       0.0
1.2333333492279053       -2.823436737060547       0.0       -1.9438464641571045       0.0       8.903083801269531       0.0
1.25       -2.504133462905884       0.0       -1.3600819110870361       0.0       7.664470195770264       0.0
1.2666666507720947       -2.572312831878662       0.0       -1.2326726913452148       0.0       8.466185569763184       0.0
1.2833333015441895       -2.77276873588562       0.0       -1.6328662633895874       0.0       9.473854064941406       0.0
1.2999999523162842       -3.267428398132324       0.0       -1.4467554092407227       0.0       8.91789722442627       0.0
1.3166667222976685       -2.5149595737457275       0.0       -1.7342525720596313       0.0       8.68437385559082       0.0
1.3333333730697632       -2.5149595737457275       0.0       -1.7342525720596313       0.0       8.68437385559082       0.0
1.350000023841858       -2.1090359687805176       0.0       -1.9056044816970825       0.0       7.387085437774658       0.0
1.3666666746139526       -2.6206066608428955       0.0       -1.475731611251831       0.0       8.427194595336914       0.0
1.3833333253860474       -2.8792598247528076       0.0       -1.2557666301727295       0.0       8.98540210723877       0.0
1.399999976158142       -1.70378577709198       0.0       -1.9894704818725586       0.0       6.573501110076904       0.0
1.4166666269302368       -2.3882086277008057       0.0       -1.7120261192321777       0.0       8.429825782775879       0.0
1.4333332777023315       -2.8126447200775146       0.0       -1.5640891790390015       0.0       8.621678352355957       0.0
1.4500000476837158       -2.6726903915405273       0.0       -1.7980014085769653       0.0       7.991537094116211       0.0
1.4666666984558105       -2.2940545082092285       0.0       -2.3031816482543945       0.0       7.609451770782471       0.0
1.4833333492279053       -3.0018179416656494       0.0       -1.6518561840057373       0.0       8.836310386657715       0.0
1.5       -2.468628406524658       0.0       -2.116259813308716       0.0       8.063568115234375       0.0
1.5166666507720947       -2.7406556606292725       0.0       -1.4455982446670532       0.0       8.390180587768555       0.0
1.5333333015441895       -2.4563541412353516       0.0       -0.9205156564712524       0.0       7.717469692230225       0.0
1.5499999523162842       -2.139633893966675       0.0       -1.5755457878112793       0.0       7.8883562088012695       0.0
1.5666667222976685       -2.0701985359191895       0.0       -1.2940436601638794       0.0       7.244307994842529       0.0
1.5833333730697632       -2.831048011779785       0.0       -0.8481706380844116       0.0       8.479290008544922       0.0
1.600000023841858       -1.8764923810958862       0.0       -1.7959634065628052       0.0       7.244102954864502       0.0
1.6166666746139526       -2.6203806400299072       0.0       -2.1969614028930664       0.0       8.7788667678833       0.0
1.6333333253860474       -2.4530653953552246       0.0       -1.5503933429718018       0.0       8.10301399230957       0.0
1.649999976158142       -2.4564602375030518       0.0       -1.5291520357131958       0.0       7.0540971755981445       0.0
1.6666666269302368       -2.917491912841797       0.0       -1.9040101766586304       0.0       8.798629760742188       0.0
1.6833332777023315       -1.9742766618728638       0.0       -2.167738676071167       0.0       7.874798774719238       0.0
1.7000000476837158       -2.0134897232055664       0.0       -1.779680609703064       0.0       7.590555191040039       0.0
1.7166666984558105       -2.657181739807129       0.0       -1.431221842765808       0.0       8.09237289428711       0.0
1.7333333492279053       -3.0694355964660645       0.0       -1.8827404975891113       0.0       9.221260070800781       0.0
1.75       -2.4373159408569336       0.0       -1.88048255443573       0.0       8.256633758544922       0.0
1.7666666507720947       -2.2165794372558594       0.0       -1.8991960287094116       0.0       7.245616436004639       0.0
1.7833333015441895       -2.7304835319519043       0.0       -1.4226679801940918       0.0       8.46140193939209       0.0
1.7999999523162842       -2.2625322341918945       0.0       -1.3618113994598389       0.0       8.185030937194824       0.0
1.8166667222976685       -2.905024290084839       0.0       -1.7313227653503418       0.0       9.330066680908203       0.0
1.8333333730697632       -1.9599183797836304       0.0       -2.0882301330566406       0.0       7.663689136505127       0.0
1.850000023841858       -2.6761107444763184       0.0       -1.2838672399520874       0.0       8.498323440551758       0.0
1.8666666746139526       -2.909003257751465       0.0       -1.5483126640319824       0.0       7.867254734039307       0.0
1.8833333253860474       -2.586547613143921       0.0       -0.7317988872528076       0.0       8.900554656982422       0.0
1.899999976158142       -2.6371874809265137       0.0       -1.0983511209487915       0.0       8.799345970153809       0.0
1.9166666269302368       -2.6418886184692383       0.0       -0.6399481892585754       0.0       8.697190284729004       0.0
1.9333332777023315       -2.4569098949432373       0.0       -1.8149884939193726       0.0       8.145455360412598       0.0
1.9500000476837158       -2.391655445098877       0.0       -2.120814323425293       0.0       8.140811920166016       0.0
1.9666666984558105       -2.219996690750122       0.0       -1.0718085765838623       0.0       6.842519760131836       0.0
1.9833333492279053       -1.7558808326721191       0.0       2.381431818008423       0.0       5.887260913848877       0.0
2.0       -2.545729160308838       0.0       0.8486568927764893       0.0       7.5623979568481445       0.0
2.0166666507720947       -7.532235622406006       0.0       -5.4741926193237305       0.0       23.42578125       0.0
2.0333333015441895       -12.139968872070312       0.0       -15.52265739440918       0.0       35.9539680480957       0.0
2.049999952316284       -3.500946044921875       0.0       -12.101505279541016       0.0       10.717207908630371       0.0
2.066666603088379       -10.776026725769043       0.0       -18.335397720336914       0.0       31.488422393798828       0.0
2.0833332538604736       -0.7977030873298645       0.0       -22.039655685424805       0.0       0.31402841210365295       0.0
2.0999999046325684       -0.45764636993408203       0.0       -32.55356216430664       0.0       -5.994718074798584       0.0
2.116666555404663       -12.688135147094727       0.0       -29.501731872558594       0.0       28.7944393157959       0.0
2.133333444595337       -6.006289482116699       0.0       -34.542816162109375       0.0       5.711719036102295       0.0
2.1500000953674316       -5.267937183380127       0.0       -48.411617279052734       0.0       1.707904577255249       0.0
2.1666667461395264       -3.7845869064331055       0.0       -41.958614349365234       0.0       -4.8649797439575195       0.0
2.183333396911621       -12.169061660766602       0.0       -52.64633560180664       0.0       16.86014747619629       0.0
2.200000047683716       -6.24586820602417       0.0       -50.83188247680664       0.0       -2.485502243041992       0.0
2.2166666984558105       -10.589147567749023       0.0       -56.19484329223633       0.0       4.4565839767456055       0.0
2.2333333492279053       -12.00236701965332       0.0       -61.83460235595703       0.0       5.103901386260986       0.0
2.25       -11.812954902648926       0.0       -62.548316955566406       0.0       3.3687949180603027       0.0
2.2666666507720947       -22.754070281982422       0.0       -66.50885772705078       0.0       27.707111358642578       0.0
2.2833333015441895       -23.834157943725586       0.0       -73.26188659667969       0.0       20.554950714111328       0.0
2.299999952316284       -21.639537811279297       0.0       -67.84691619873047       0.0       12.831876754760742       0.0
2.316666603088379       -23.19040870666504       0.0       -76.53124237060547       0.0       12.31231689453125       0.0
2.3333332538604736       -27.109909057617188       0.0       -72.99497985839844       0.0       24.170669555664062       0.0067329308949410915
2.3499999046325684       -23.986488342285156       0.0       -94.69294738769531       0.0       15.193735122680664       0.013580657541751862
2.366666555404663       -28.067707061767578       0.0       -73.87257385253906       0.0       28.890121459960938       0.022481003776192665
2.383333444595337       -36.828330993652344       0.0       -75.24915313720703       0.0       52.24285888671875       0.03493893891572952
2.4000000953674316       -25.425817489624023       0.0       -85.84136962890625       0.0       18.310501098632812       0.04743783175945282
2.4166667461395264       -22.744325637817383       0.0       -86.51031494140625       0.0       18.97452163696289       0.05819772183895111
2.433333396911621       -32.100746154785156       0.0       -108.33450317382812       0.0       41.33689880371094       0.06713776290416718
2.450000047683716       -23.909908294677734       0.0       -83.70012664794922       0.0       18.41566276550293       0.07581835985183716
2.4666666984558105       -27.64993667602539       0.0       -64.30419921875       0.0       30.192777633666992       0.08576434850692749
2.4833333492279053       -25.78631019592285       0.0       -69.67485809326172       0.0       22.663610458374023       0.09285491704940796
2.5       -23.760061264038086       0.0       -69.86427307128906       0.0       17.965320587158203       0.09966854751110077
2.5166666507720947       -23.53192901611328       0.0       -90.32846069335938       0.0       15.268291473388672       0.10423403233289719
2.5333333015441895       -21.061302185058594       0.0       -90.14969635009766       0.0       10.091650009155273       0.10694608837366104
2.549999952316284       -20.231117248535156       0.0       -89.504638671875       0.0       10.531044960021973       0.10856249183416367
2.566666603088379       -21.370773315429688       0.0       -76.56675720214844       0.0       18.24305534362793       0.11053761839866638
2.5833332538604736       -16.40715980529785       0.0       -64.27384948730469       0.0       13.146659851074219       0.11287076771259308
2.5999999046325684       -19.245742797851562       0.0       -68.67303466796875       0.0       22.40212059020996       0.11676198989152908
2.616666555404663       -16.25616455078125       0.0       -77.4150619506836       0.0       13.492241859436035       0.11988847702741623
2.633333444595337       -20.777359008789062       0.0       -74.2811050415039       0.0       27.48012351989746       0.12488725036382675
2.6500000953674316       -14.694992065429688       0.0       -63.99348449707031       0.0       14.470722198486328       0.12865054607391357
2.6666667461395264       -14.623322486877441       0.0       -65.07170104980469       0.0       19.680997848510742       0.13315530121326447
2.683333396911621       -15.95626449584961       0.0       -66.66332244873047       0.0       22.934553146362305       0.13690440356731415
2.700000047683716       -10.41256046295166       0.0       -63.607940673828125       0.0       13.357959747314453       0.1403893232345581
2.7166666984558105       -9.6669282913208       0.0       -60.226375579833984       0.0       14.256657600402832       0.14302586019039154
2.7333333492279053       -10.888333320617676       0.0       -60.77650451660156       0.0       23.247451782226562       0.1456301361322403
2.75       -10.232292175292969       0.0       -60.259361267089844       0.0       16.718276977539062       0.14862333238124847
2.7666666507720947       -8.832932472229004       0.0       -59.41603088378906       0.0       16.529672622680664       0.15184442698955536
2.7833333015441895       -6.904216289520264       0.0       -56.32210159301758       0.0       14.679946899414062       0.15379038453102112
2.799999952316284       -8.993732452392578       0.0       -56.58869171142578       0.0       23.034332275390625       0.15655596554279327
2.816666603088379       -2.4171323776245117       0.0       -50.61393356323242       0.0       9.836636543273926       0.15173886716365814
2.8333332538604736       -6.199125289916992       0.0       -51.75003433227539       0.0       22.785694122314453       0.14706997573375702
2.8499999046325684       -8.036131858825684       0.0       -58.00060272216797       0.0       14.124504089355469       0.14254474639892578
2.866666555404663       -9.6087064743042       0.0       -42.29014587402344       0.0       26.349061965942383       0.13815875351428986
2.883333444595337       -5.5651092529296875       0.0       -38.2633171081543       0.0       13.475090026855469       0.1339077204465866
2.9000000953674316       -6.988390922546387       0.0       -38.39885711669922       0.0       17.454133987426758       0.13775742053985596
2.9166667461395264       -6.238921165466309       0.0       -40.858436584472656       0.0       16.61311149597168       0.14014126360416412
2.933333396911621       -9.899397850036621       0.0       -44.494754791259766       0.0       25.84055519104004       0.1441856324672699
2.950000047683716       -6.8603515625       0.0       -43.17384719848633       0.0       17.669227600097656       0.1481447070837021
2.9666666984558105       -6.241634845733643       0.0       -31.345563888549805       0.0       18.15900421142578       0.15220779180526733
2.9833333492279053       -4.225237846374512       0.0       -32.12599182128906       0.0       11.641703605651855       0.1541687697172165
3.0       -7.3765058517456055       0.0       -31.793434143066406       0.0       22.395824432373047       0.15674152970314026
3.0166666507720947       -4.98978853225708       0.0       -33.67913818359375       0.0       17.82815933227539       0.15919896960258484
3.0333333015441895       -4.535289764404297       0.0       -29.033924102783203       0.0       18.95290184020996       0.1626182347536087
3.049999952316284       -3.5691001415252686       0.0       -29.059661865234375       0.0       19.108165740966797       0.1654808223247528
3.066666603088379       -0.7841705083847046       0.0       -28.210472106933594       0.0       16.049272537231445       0.1680218130350113
3.0833332538604736       -0.7161153554916382       0.0       -29.673791885375977       0.0       20.443452835083008       0.17070794105529785
3.0999999046325684       0.7389233112335205       0.0       -22.244028091430664       0.0       18.583898544311523       0.1732478141784668
3.116666555404663       3.0335142612457275       0.0       -17.858430862426758       0.0       15.596297264099121       0.17565670609474182
3.133333444595337       4.20551872253418       0.0       -15.749990463256836       0.0       15.615595817565918       0.17731745541095734
3.1500000953674316       5.60461950302124       0.0       -17.928834915161133       0.0       14.971392631530762       0.17842543125152588
3.1666667461395264       5.022166728973389       0.0       -15.088311195373535       0.0       23.715829849243164       0.18066737055778503
3.183333396911621       5.5780768394470215       0.0       -10.988532066345215       0.0       20.11587142944336       0.1834947168827057
3.200000047683716       7.822875499725342       0.0       -11.328152656555176       0.0       17.956932067871094       0.18667449057102203
3.2166666984558105       8.427083969116211       0.0       -9.2631254196167       0.0       20.367246627807617       0.18929049372673035
3.2333333492279053       10.059786796569824       0.0       -8.924334526062012       0.0       23.161340713500977       0.19227585196495056
3.25       9.922347068786621       0.0       -4.612204551696777       0.0       25.53497314453125       0.19627085328102112
3.2666666507720947       9.31230354309082       0.0       -12.631054878234863       0.0       22.93739891052246       0.2005365937948227
3.2833333015441895       9.045536041259766       0.0       -6.432326316833496       0.0       15.484503746032715       0.20358125865459442
3.299999952316284       5.248899936676025       0.0       -8.196711540222168       0.0       28.54486083984375       0.2069818526506424
3.316666603088379       9.12225341796875       0.0       -7.981721878051758       0.0       18.137901306152344       0.20959827303886414
3.3333332538604736       5.947225093841553       0.0       15.385724067687988       0.0       26.41299819946289       0.21372775733470917
3.3499999046325684       7.473185062408447       0.0       26.752710342407227       0.0       22.484609603881836       0.21686777472496033
3.366666555404663       8.319693565368652       0.0       28.83479118347168       0.0       19.73732566833496       0.22015708684921265
3.383333444595337       10.235326766967773       0.0       35.99542236328125       0.0       13.003639221191406       0.22140954434871674
3.4000000953674316       9.551600456237793       0.0       43.00497817993164       0.0       13.674028396606445       0.22135291993618011
3.4166667461395264       10.158171653747559       0.0       47.94816970825195       0.0       11.4351167678833       0.22009700536727905
3.433333396911621       5.692205429077148       0.0       57.31260299682617       0.0       9.997213363647461       0.21332478523254395
3.450000047683716       -1.4799665212631226       0.0       67.19290924072266       0.0       33.984317779541016       0.2067609429359436
3.4666666984558105       1.3976653814315796       0.0       84.95574188232422       0.0       24.294328689575195       0.20039907097816467
3.4833333492279053       2.070298910140991       0.0       73.92242431640625       0.0       15.96989631652832       0.19423294067382812
3.5       -3.129642963409424       0.0       82.40985107421875       0.0       33.80998992919922       0.18825654685497284
3.5166666507720947       2.539234161376953       0.0       88.16815948486328       0.0       12.674160957336426       0.19162246584892273
3.5333333015441895       -5.564164161682129       0.0       98.67997741699219       0.0       31.299999237060547       0.19713787734508514
3.549999952316284       -3.9001755714416504       0.0       106.43761444091797       0.0       23.15009880065918       0.2009228765964508
3.566666603088379       -3.6934728622436523       0.0       105.04811096191406       0.0       17.93167495727539       0.20536518096923828
3.5833332538604736       -8.2542724609375       0.0       97.50354766845703       0.0       30.43889045715332       0.20954585075378418
3.5999999046325684       -7.445183753967285       0.0       103.05055236816406       0.0       25.254074096679688       0.2139076292514801
3.616666555404663       -8.053902626037598       0.0       105.5509033203125       0.0       23.5791072845459       0.21896444261074066
3.633333444595337       -5.017175197601318       0.0       110.44241333007812       0.0       11.228178024291992       0.22104687988758087
3.6500000953674316       -8.617509841918945       0.0       100.28640747070312       0.0       28.444461822509766       0.22353777289390564
3.6666667461395264       2.7437939643859863       0.0       124.68907165527344       0.03076923079788685       -0.6282258629798889       0.21665969491004944
3.683333396911621       -2.3062891960144043       0.0       118.22935485839844       0.060591716319322586       14.173832893371582       0.20999324321746826
3.700000047683716       -32.582332611083984       0.0       112.26628875732422       0.08949658274650574       121.03618621826172       0.2035319060087204
3.7166666984558105       8.462446212768555       0.0       129.56307983398438       0.11751207709312439       -19.373226165771484       0.19726939499378204
3.7333333492279053       17.87500762939453       0.0       121.76451873779297       0.14466555416584015       -46.88752365112305       0.19119955599308014
3.75       51.110286712646484       0.0       211.7017364501953       0.14021430909633636       -145.80960083007812       0.18531650304794312
3.7666666507720947       22.342599868774414       0.0       137.12374877929688       0.13590002059936523       -43.23038101196289       0.17961445450782776
3.7833333015441895       1.8029786348342896       0.0       161.0704345703125       0.1317184716463089       -1.5604931116104126       0.17408785223960876
3.799999952316284       7.021349906921387       0.0       117.43428802490234       0.15843483805656433       -20.39311408996582       0.16873130202293396
3.816666603088379       -16.34187126159668       0.0       86.66500854492188       0.15355990827083588       63.07978439331055       0.1635395735502243
3.8333332538604736       -7.288125991821289       0.0       81.83460235595703       0.1488349884748459       33.10958480834961       0.1585075855255127
3.8499999046325684       -0.24739998579025269       0.0       79.60963439941406       0.14425545930862427       8.214213371276855       0.15363043546676636
3.866666555404663       -18.334386825561523       0.0       42.120033264160156       0.13981682062149048       65.34395599365234       0.14890334010124207
3.883333444595337       -34.86336898803711       0.0       31.458086013793945       0.1355147659778595       105.99292755126953       0.14432169497013092
3.9000000953674316       -28.267147064208984       0.0       26.766931533813477       0.13134507834911346       84.33106994628906       0.13988102972507477
3.9166667461395264       -27.831310272216797       0.0       31.043195724487305       0.12730370461940765       76.4114990234375       0.135576993227005
3.933333396911621       -34.707252502441406       0.0       23.077213287353516       0.12338665872812271       91.49295043945312       0.16217462718486786
3.950000047683716       -20.211767196655273       0.0       52.770912170410156       0.1195901483297348       43.67713165283203       0.1879538744688034
3.9666666984558105       -17.354650497436523       0.0       53.58494186401367       0.11591044813394547       36.14132308959961       0.20726880431175232
3.9833333492279053       -16.774723052978516       0.0       57.34886169433594       0.11234397441148758       31.516159057617188       0.2172023206949234
4.0       -15.02546501159668       0.0       58.509071350097656       0.10888724029064178       26.916854858398438       0.22437505424022675
4.016666889190674       -13.719451904296875       0.0       60.41672134399414       0.10553686320781708       20.197582244873047       0.2289913147687912
4.0333333015441895       -14.935809135437012       0.0       59.679805755615234       0.10228957235813141       19.51951789855957       0.2317081242799759
4.050000190734863       -15.392927169799805       0.0       57.22475051879883       0.09914220124483109       21.113998413085938       0.23349153995513916
4.066666603088379       -15.125004768371582       0.0       58.55858612060547       0.09609167277812958       21.09843635559082       0.23535212874412537
4.083333492279053       -12.812236785888672       0.0       58.544403076171875       0.09313500672578812       15.117895126342773       0.2365104854106903
4.099999904632568       -12.671804428100586       0.0       58.28807067871094       0.0902693122625351       15.6134033203125       0.23682762682437897
4.116666793823242       -12.14542007446289       0.0       59.05796432495117       0.08749179542064667       10.651185989379883       0.23560433089733124
4.133333206176758       -11.548169136047363       0.0       59.379730224609375       0.08479974418878555       9.54734992980957       0.22835496068000793
4.150000095367432       -9.691937446594238       0.0       59.64499282836914       0.08219052106142044       5.400211811065674       0.22132866084575653
4.166666507720947       -8.849886894226074       0.0       59.738739013671875       0.07966157793998718       1.6466569900512695       0.21451854705810547
4.183333396911621       -8.965648651123047       0.0       61.55977249145508       0.0772104561328888       -1.1614062786102295       0.2079179733991623
4.199999809265137       -11.701613426208496       0.0       48.60638427734375       0.07483474910259247       6.282022476196289       0.20152050256729126
4.2166666984558105       -13.139516830444336       0.0       44.836605072021484       0.07253213971853256       7.270640850067139       0.19531987607479095
4.233333110809326       -13.256719589233398       0.0       41.93942642211914       0.0703003779053688       12.24985408782959       0.18931002914905548
4.25       -13.894133567810059       0.0       37.399200439453125       0.06813729554414749       12.193717002868652       0.18348510563373566
4.266666889190674       -14.373479843139648       0.0       31.80364418029785       0.0660407617688179       13.221575736999512       0.17783941328525543
4.2833333015441895       -14.518224716186523       0.0       29.543760299682617       0.06400873512029648       13.144006729125977       0.1723674237728119
4.300000190734863       -16.557706832885742       0.0       20.18382453918457       0.06203923746943474       20.63286018371582       0.17394831776618958
4.316666603088379       -14.782135963439941       0.0       21.465023040771484       0.06013033911585808       16.54688835144043       0.175967738032341
4.333333492279053       -14.586116790771484       0.0       19.07164764404297       0.05828017368912697       16.84227180480957       0.17846675217151642
4.349999904632568       -14.768049240112305       0.0       16.006038665771484       0.056486938148736954       18.84288215637207       0.18062663078308105
4.366666793823242       -14.798678398132324       0.0       14.203071594238281       0.05474887788295746       16.330167770385742       0.182688370347023
4.383333206176758       -16.6564998626709       0.0       9.063157081604004       0.05306429788470268       22.705507278442383       0.1855459213256836
4.400000095367432       -16.299549102783203       0.0       12.395956993103027       0.05143154785037041       20.91644287109375       0.1886199414730072
4.416666507720947       -15.255746841430664       0.0       9.35471248626709       0.04984904080629349       18.54747772216797       0.19192460179328918
4.433333396911621       -17.27935028076172       0.0       2.910499095916748       0.048315223306417465       23.578052520751953       0.19525527954101562
4.449999809265137       -16.876482009887695       0.0       3.1678364276885986       0.04682860150933266       21.82682228088379       0.198616623878479
4.4666666984558105       -16.012903213500977       0.0       0.0217585451900959       0.04538772255182266       19.380144119262695       0.20199693739414215
4.483333110809326       -15.22297477722168       0.0       -3.8917269706726074       0.043991174548864365       17.065654754638672       0.20432062447071075
4.5       -15.38257122039795       0.0       -1.0318397283554077       0.042637601494789124       19.51997947692871       0.20623661577701569
4.516666889190674       -15.14402961730957       0.0       1.4531333446502686       0.04132567346096039       17.528400421142578       0.20782224833965302
4.5333333015441895       -15.161949157714844       0.0       1.0425539016723633       0.040054116398096085       17.407142639160156       0.20940904319286346
4.550000190734863       -15.38300895690918       0.0       0.7915518879890442       0.03882168233394623       18.150434494018555       0.21074654161930084
4.566666603088379       -14.703780174255371       0.0       0.6248360276222229       0.037627167999744415       18.52216339111328       0.21218827366828918
4.583333492279053       -15.277213096618652       0.0       0.44290268421173096       0.036469411104917526       18.553749084472656       0.21375364065170288
4.599999904632568       -14.759888648986816       0.0       0.5359829068183899       0.03534727543592453       18.596174240112305       0.21533647179603577
4.616666793823242       -14.522848129272461       0.0       0.406844824552536       0.03425966575741768       18.138935089111328       0.21681426465511322
4.633333206176758       -14.540528297424316       0.0       0.31838706135749817       0.03320552036166191       17.85494041442871       0.21814395487308502
4.650000095367432       -15.440447807312012       0.0       0.16743308305740356       0.03218381479382515       18.537994384765625       0.21942447125911713
4.666666507720947       -14.87012767791748       0.0       0.3268450200557709       0.03119354136288166       18.628036499023438       0.22073687613010406
4.683333396911621       -14.87227725982666       0.0       0.02174319513142109       0.03023374080657959       19.02739143371582       0.2221808284521103
4.699999809265137       -14.581557273864746       0.0       -0.273159921169281       0.029303472489118576       19.605777740478516       0.2237369865179062
4.7166666984558105       -14.867618560791016       0.0       -0.7665765285491943       0.028401827439665794       20.030330657958984       0.22545041143894196
4.733333110809326       -14.689213752746582       0.0       -0.7932010889053345       0.02752792462706566       19.56513023376465       0.2271902859210968
4.75       -15.303905487060547       0.0       -1.6491793394088745       0.02668091095983982       21.05147361755371       0.22908833622932434
4.766666889190674       -14.570463180541992       0.0       -1.6096540689468384       0.025859959423542023       20.567419052124023       0.23100677132606506
4.7833333015441895       -14.570463180541992       0.0       -1.6096540689468384       0.025064269080758095       20.567419052124023       0.23301315307617188
4.800000190734863       -14.684409141540527       0.0       -2.5047378540039062       0.02429306134581566       22.296642303466797       0.2351399064064026
4.816666603088379       -15.521944046020508       0.0       -3.117307186126709       0.023545581847429276       23.639589309692383       0.23765161633491516
4.833333492279053       -15.39496898651123       0.0       -3.4553489685058594       0.022821102291345596       23.627819061279297       0.24053432047367096
4.849999904632568       -15.963861465454102       0.0       -4.409040927886963       0.022118914872407913       25.419979095458984       0.2437862753868103
4.866666793823242       -16.12967872619629       0.0       -5.97258996963501       0.02143833227455616       25.713340759277344       0.2472423017024994
4.883333206176758       -16.606182098388672       0.0       -6.476375579833984       0.02077869139611721       26.61435317993164       0.25102949142456055
4.900000095367432       -15.74127197265625       0.0       -6.493508338928223       0.02013934776186943       26.60904884338379       0.2548746168613434
4.916666507720947       -15.741512298583984       0.0       -5.417816638946533       0.01951967552304268       24.629026412963867       0.25844281911849976
4.933333396911621       -15.87047290802002       0.0       -5.127041339874268       0.018919069319963455       25.004276275634766       0.2616651952266693
4.949999809265137       -15.511068344116211       0.0       -4.8560404777526855       0.0183369442820549       23.89571189880371       0.2643902897834778
4.9666666984558105       -15.298381805419922       0.0       -4.9074225425720215       0.017772730439901352       24.136276245117188       0.26695939898490906
4.983333110809326       -15.223228454589844       0.0       -4.562211513519287       0.017225878313183784       24.146907806396484       0.2693244516849518
5.0       -14.498152732849121       0.0       -1.7336335182189941       0.01669585146009922       20.977869033813477       0.2711889445781708
5.016666889190674       -13.754831314086914       0.0       -1.3718641996383667       0.016182132065296173       19.791519165039062       0.2723594903945923
5.0333333015441895       -13.616266250610352       0.0       -0.9695090055465698       0.01568422093987465       19.022703170776367       0.27274277806282043
5.050000190734863       -13.329203605651855       0.0       -0.05519057437777519       0.015201629139482975       18.531984329223633       0.27275580167770386
5.066666603088379       -12.755250930786133       0.0       0.8582338690757751       0.01473388634622097       17.931842803955078       0.2724960446357727
5.083333492279053       -12.685750961303711       0.0       1.3041950464248657       0.014280536212027073       16.85738182067871       0.2719266414642334
5.099999904632568       -12.190108299255371       0.0       2.1920502185821533       0.013841135427355766       15.661004066467285       0.2709542512893677
5.116666793823242       -12.097675323486328       0.0       2.7427451610565186       0.013415253721177578       15.225420951843262       0.2696149945259094
5.133333206176758       -11.883135795593262       0.0       3.2573060989379883       0.013002476654946804       14.379343032836914       0.2679537236690521
5.150000095367432       -11.40532398223877       0.0       4.474147319793701       0.012602400965988636       12.843143463134766       0.26593056321144104
5.166666507720947       -9.954073905944824       0.0       5.562916278839111       0.01221463456749916       11.198166847229004       0.2633792757987976
5.183333396911621       -8.473771095275879       0.0       7.119640827178955       0.011838799342513084       8.655877113342285       0.25527530908584595
5.199999809265137       -7.744110107421875       0.0       7.5108842849731445       0.011474529281258583       8.593855857849121       0.24742068350315094
5.2166666984558105       -7.937135219573975       0.0       5.634360313415527       0.011121466755867004       10.612634658813477       0.23980773985385895
5.233333110809326       -6.598324775695801       0.0       6.98793888092041       0.01077926717698574       9.013897895812988       0.23242904245853424
5.25       -6.781578063964844       0.0       5.548032283782959       0.010447598062455654       11.226181983947754       0.225277379155159
5.266666889190674       -5.748992443084717       0.0       5.4313063621521       0.01012613344937563       10.344112396240234       0.2183457612991333
5.2833333015441895       -4.765628337860107       0.0       5.424333572387695       0.009814559482038021       10.98696231842041       0.21162743866443634
5.300000190734863       -4.939239025115967       0.0       5.5554423332214355       0.009512573480606079       11.14608383178711       0.20511582493782043
5.316666603088379       -6.36646842956543       0.0       1.2562057971954346       0.009219879284501076       15.292328834533691       0.20428955554962158
5.333333492279053       -6.891312599182129       0.0       1.3790923357009888       0.00893619004637003       16.0648193359375       0.20423297584056854
5.349999904632568       -6.938662052154541       0.0       1.3386539220809937       0.008661230094730854       15.77455997467041       0.20485667884349823
5.366666793823242       -6.911828994750977       0.0       0.5203118920326233       0.00839473120868206       16.895931243896484       0.2056959718465805
5.383333206176758       -7.312471866607666       0.0       -0.41402798891067505       0.008136431686580181       17.740116119384766       0.20675504207611084
5.400000095367432       -7.595483303070068       0.0       -1.2525811195373535       0.00788608007133007       18.690181732177734       0.20820866525173187
5.416666507720947       -8.04021167755127       0.0       -2.2753825187683105       0.0076434314250946045       19.427711486816406       0.2099888175725937
5.433333396911621       -8.527356147766113       0.0       -3.2907590866088867       0.0074082487262785435       20.99435043334961       0.2121909260749817
5.449999809265137       -9.035299301147461       0.0       -4.135697364807129       0.007180302869528532       22.183645248413086       0.2148372083902359
5.4666666984558105       -9.320356369018555       0.0       -5.530612945556641       0.0069593703374266624       23.028297424316406       0.21792981028556824
5.483333110809326       -9.886129379272461       0.0       -6.558704853057861       0.0067452359944581985       25.486106872558594       0.2215857207775116
5.5       -10.237044334411621       0.0       -7.786548614501953       0.006537690293043852       26.432300567626953       0.2257516235113144
5.516666889190674       -10.252483367919922       0.0       -6.750781536102295       0.0063365306705236435       26.06424903869629       0.230234295129776
5.5333333015441895       -9.022793769836426       0.0       -4.145094394683838       0.006141560152173042       23.281173706054688       0.23425619304180145
5.550000190734863       -9.185531616210938       0.0       -4.377125263214111       0.005952589213848114       23.852991104125977       0.23777621984481812
5.566666603088379       -9.229073524475098       0.0       -3.901423215866089       0.00576943252235651       23.378782272338867       0.24079430103302002
5.583333492279053       -9.329500198364258       0.0       -5.173887252807617       0.005591911729425192       23.819976806640625       0.24379877746105194
5.599999904632568       -9.445562362670898       0.0       -4.700033664703369       0.005419852677732706       23.525041580200195       0.24666263163089752
5.616666793823242       -9.440192222595215       0.0       -4.964210033416748       0.005253088194876909       24.153188705444336       0.2495516985654831
5.633333206176758       -9.488452911376953       0.0       -4.561361789703369       0.005091454833745956       23.68575668334961       0.25233227014541626
5.650000095367432       -9.418017387390137       0.0       -4.561371803283691       0.004934794269502163       24.04459571838379       0.25510337948799133
5.666666507720947       -9.200715065002441       0.0       -4.545858860015869       0.0047829546965658665       22.971235275268555       0.257616251707077
5.683333396911621       -9.435365676879883       0.0       -4.819986820220947       0.004635786637663841       24.076690673828125       0.26010891795158386
5.699999809265137       -9.984387397766113       0.0       -5.087510585784912       0.004493147134780884       24.410850524902344       0.26257869601249695
5.7166666984558105       -9.300338745117188       0.0       -4.742059230804443       0.004354896489530802       23.651071548461914       0.26507189869880676
5.733333110809326       -9.395224571228027       0.0       -4.7235026359558105       0.004220899660140276       23.887054443359375       0.2674608826637268
5.75       -9.207732200622559       0.0       -4.794862270355225       0.004091025795787573       23.89166831970215       0.26969990134239197
5.766666889190674       -9.349101066589355       0.0       -4.841875076293945       0.003965148236602545       23.958953857421875       0.2719149887561798
5.7833333015441895       -9.701162338256836       0.0       -4.677167892456055       0.003843143582344055       23.704195022583008       0.2740354537963867
5.800000190734863       -9.41938304901123       0.0       -4.932781219482422       0.0037248930893838406       23.614423751831055       0.2760501503944397
5.816666603088379       -9.42180061340332       0.0       -4.8426971435546875       0.003610281040892005       23.959766387939453       0.27800285816192627
5.833333492279053       -9.303470611572266       0.0       -4.7738823890686035       0.003499195445328951       24.009157180786133       0.27994033694267273
5.849999904632568       -9.049605369567871       0.0       -4.8632378578186035       0.0033915278036147356       23.781274795532227       0.2818424701690674
5.866666793823242       -9.25970458984375       0.0       -4.938129425048828       0.0032871731091290712       23.96986198425293       0.2836877107620239
5.883333206176758       -9.237733840942383       0.0       -4.825990676879883       0.0031860293820500374       23.127906799316406       0.28534698486328125
5.900000095367432       -9.21892261505127       0.0       -4.695915222167969       0.003087997669354081       23.763994216918945       0.28695276379585266
5.916666507720947       -9.287940979003906       0.0       -4.6732001304626465       0.002992982277646661       23.521377563476562       0.2884432077407837
5.933333396911621       -9.382071495056152       0.0       -4.679765224456787       0.002900890540331602       23.938396453857422       0.2900067865848541
5.949999809265137       -9.087157249450684       0.0       -4.703516960144043       0.002811632351949811       23.11372184753418       0.29142680764198303
5.9666666984558105       -9.119487762451172       0.0       -4.808817386627197       0.002725120633840561       23.419086456298828       0.29278823733329773
5.983333110809326       -9.275796890258789       0.0       -4.737733364105225       0.0026412708684802055       23.41367530822754       0.29403096437454224
6.0       -9.429471015930176       0.0       -4.668350696563721       0.002560000866651535       23.346586227416992       0.2952693998813629
6.016666889190674       -9.025569915771484       0.0       -4.7538652420043945       0.0024812316987663507       23.237106323242188       0.2964428663253784
6.0333333015441895       -9.675313949584961       0.0       -4.883950233459473       0.0024048860650509596       23.67263412475586       0.29761838912963867
6.050000190734863       -9.618535995483398       0.0       -4.847397804260254       0.0023308894596993923       24.080419540405273       0.29886531829833984
6.066666603088379       -9.288152694702148       0.0       -4.773972988128662       0.00225916993804276       24.008533477783203       0.3001866936683655
6.083333492279053       -9.723933219909668       0.0       -4.896843433380127       0.002189656952396035       24.08595848083496       0.3015281856060028
6.099999904632568       -9.275385856628418       0.0       -4.715691089630127       0.0021222829818725586       23.528818130493164       0.3027476668357849
6.116666793823242       -9.278946876525879       0.0       -4.8205156326293945       0.0020569819025695324       24.07454490661621       0.30393919348716736
6.133333206176758       -9.249550819396973       0.0       -4.670202732086182       0.001993690151721239       23.642494201660156       0.3050289452075958
6.150000095367432       -9.380745887756348       0.0       -4.635039329528809       0.0019323457963764668       23.812625885009766       0.3061269223690033
6.166666507720947       -9.1600923538208       0.0       -4.978111267089844       0.0018728889990597963       23.85770034790039       0.30715933442115784
6.183333396911621       -9.012788772583008       0.0       -4.709886074066162       0.0018152616685256362       23.288970947265625       0.30810803174972534
6.199999809265137       -9.174214363098145       0.0       -4.720448017120361       0.001759407459758222       23.765439987182617       0.3090207576751709
6.2166666984558105       -9.339363098144531       0.0       -4.787317276000977       0.001705271890386939       23.598541259765625       0.3098672926425934
6.233333110809326       -9.113846778869629       0.0       -4.545770168304443       0.0016528019914403558       23.329763412475586       0.3106939196586609
6.25       -9.418112754821777       0.0       -4.719085216522217       0.0016019465401768684       23.648351669311523       0.3114778995513916
6.266666889190674       -9.418425559997559       0.0       -4.918097496032715       0.001552655827254057       24.085721969604492       0.31230926513671875
6.2833333015441895       -8.832137107849121       0.0       -4.450478553771973       0.0015048817731440067       23.015661239624023       0.31306901574134827
6.300000190734863       -9.427221298217773       0.0       -4.585679531097412       0.001458577811717987       23.68768882751465       0.3138110935688019
6.316666603088379       -9.31975269317627       0.0       -4.564268589019775       0.0014136984245851636       23.921560287475586       0.3145064413547516
6.333333492279053       -9.21437931060791       0.0       -4.489070892333984       0.001370200072415173       23.794803619384766       0.3152943253517151
6.349999904632568       -9.554659843444824       0.0       -4.457181930541992       0.001328040030784905       24.324607849121094       0.3161514699459076
6.366666793823242       0.0       0.0       0.0       0.0012871773215010762       0.0       0.30642375349998474
6.383333206176758       0.39955246448516846       0.0       -0.20666827261447906       0.0012475717812776566       0.08377252519130707       0.2969953119754791
6.400000095367432       0.0       0.0       0.0       0.001209184993058443       0.0       0.2878569960594177
6.416666507720947       0.2580348253250122       0.0       0.27040383219718933       0.0011719792382791638       -0.3296443521976471       0.27899986505508423
6.433333396911621       0.14254577457904816       0.0       0.07725910097360611       0.0011359184281900525       -0.06720775365829468       0.2704152464866638
6.449999809265137       0.0       0.0       0.0       0.0011009670561179519       0.0       0.26209476590156555
6.4666666984558105       -0.1490813046693802       0.0       -0.014925713650882244       0.0010670911287888885       0.5341277122497559       0.2540303170681
6.483333110809326       -0.17215615510940552       0.0       -0.07755017280578613       0.0010342575842514634       0.3078480660915375       0.24621400237083435
6.5       0.01998675987124443       0.0       0.046416059136390686       0.0010024342918768525       0.11373841017484665       0.23863819241523743
6.516666889190674       -0.19418254494667053       0.0       0.022346990182995796       0.000971590110566467       0.1782500445842743       0.23129548132419586
6.5333333015441895       -0.37515580654144287       0.0       -0.13338670134544373       0.0009416950633749366       0.8505072593688965       0.22417870163917542
6.550000190734863       -0.0008696385193616152       0.0       0.2525273561477661       0.0009127198136411607       0.1457529217004776       0.21728089451789856
6.566666603088379       -0.3463780879974365       0.0       0.04452137649059296       0.0008846361306495965       -0.0019024634966626763       0.21059532463550568
6.583333492279053       0.10250703990459442       0.0       -0.06490425765514374       0.0008574165403842926       -0.3491356372833252       0.20411546528339386
6.599999904632568       0.23624654114246368       0.0       -0.1644495129585266       0.0008310345001518726       0.13763150572776794       0.19783499836921692
6.616666793823242       0.2397947609424591       0.0       -0.18503226339817047       0.0008054642239585519       0.022092977538704872       0.1917477548122406
6.633333206176758       -0.10539012402296066       0.0       0.027997462078928947       0.0007806806825101376       -0.41784605383872986       0.18584783375263214
6.650000095367432       0.1347958892583847       0.0       -0.20786362886428833       0.0007566597778350115       -0.0932900533080101       0.18012943863868713
6.666666507720947       -0.0644725114107132       0.0       0.05281943827867508       0.0007333779358305037       -0.4213239252567291       0.17458699643611908
6.683333396911621       0.2686632573604584       0.0       -0.17623494565486908       0.000710812455508858       -0.27316421270370483       0.16921508312225342
6.699999809265137       0.13736756145954132       0.0       -0.0985901951789856       0.0006889412761665881       0.12844780087471008       0.1640084683895111
6.7166666984558105       0.26417216658592224       0.0       -0.01274184975773096       0.0006677430937997997       -0.47371309995651245       0.15896205604076385
6.733333110809326       0.283890962600708       0.0       0.008192451670765877       0.0006471971864812076       -0.1784563958644867       0.1540709137916565
6.75       0.283890962600708       0.0       0.008192451670765877       0.0006272834143601358       -0.1784563958644867       0.149330273270607
6.766666889190674       -0.005295182578265667       0.0       -0.12083215266466141       0.0006079823942855       0.01325398962944746       0.14473548531532288
6.7833333015441895       0.21992669999599457       0.0       -0.11367399990558624       0.0005892752087675035       -0.16560104489326477       0.14028209447860718
6.800000190734863       0.09681516140699387       0.0       0.020277757197618484       0.0005711436970159411       0.23351311683654785       0.1359657198190689
6.816666603088379       -0.3706548511981964       0.0       0.05604133382439613       0.0005535700474865735       0.5277680158615112       0.1317821592092514
6.833333492279053       0.1035410687327385       0.0       0.09288139641284943       0.000536537088919431       0.04658857360482216       0.12772731482982635
6.849999904632568       0.07761386781930923       0.0       0.30865323543548584       0.0005200282903388143       -0.39670729637145996       0.12379725277423859
6.866666793823242       0.33277276158332825       0.0       -0.08785200864076614       0.0005040274118073285       0.010370925068855286       0.1199881061911583
6.883333206176758       0.18093155324459076       0.0       0.09185472875833511       0.0004885188536718488       -0.01555890403687954       0.11629616469144821
6.900000095367432       0.3270779252052307       0.0       -0.021845586597919464       0.00047348751104436815       0.0001242762227775529       0.11271782219409943
6.916666507720947       -0.135879784822464       0.0       -0.033093102276325226       0.0004589186573866755       0.539466381072998       0.10924957692623138
6.933333396911621       -0.33764374256134033       0.0       -0.027163907885551453       0.0004447980900295079       0.006091719027608633       0.10588805377483368
6.949999809265137       -0.20328974723815918       0.0       -0.009931044653058052       0.0004311119846533984       0.35745769739151       0.10262995958328247
6.9666666984558105       -0.07186219841241837       0.0       -0.16812852025032043       0.00041784701170399785       0.2604975700378418       0.09947211295366287
6.983333110809326       0.2134598046541214       0.0       -0.04252087324857712       0.00040499019087292254       -0.23400761187076569       0.09641143679618835
7.0       0.3765227198600769       0.0       -0.023980790749192238       0.00039252894930541515       -0.061929333955049515       0.09344492852687836
7.016666889190674       -0.30836907029151917       0.0       -0.13741885125637054       0.0003804511216003448       0.9070826768875122       0.09056969732046127
7.0333333015441895       -0.024667294695973396       0.0       -0.15413697063922882       0.0003687449498102069       0.6696917414665222       0.08778294175863266
7.050000190734863       0.08655258268117905       0.0       -0.11196565628051758       0.0003573989379219711       -0.28272122144699097       0.08508192747831345
7.066666603088379       0.13536757230758667       0.0       -0.10641267150640488       0.00034640205558389425       -0.5198778510093689       0.08246402442455292
7.083333492279053       -0.00013277232937980443       0.0       -0.07533197849988937       0.0003357435343787074       0.3054566979408264       0.07992666959762573
7.099999904632568       -0.08148624747991562       0.0       -0.018283439800143242       0.00032541295513510704       -0.35200390219688416       0.07746738195419312
7.116666793823242       0.0698879212141037       0.0       -0.054904911667108536       0.0003154002479277551       0.36046767234802246       0.07508376985788345
7.133333206176758       0.20305213332176208       0.0       -0.003095223568379879       0.0003056956338696182       0.056645553559064865       0.07277350127696991
7.150000095367432       0.1197330504655838       0.0       -0.11751292645931244       0.00029628959600813687       0.07312832027673721       0.07053431868553162
7.166666507720947       0.09227971732616425       0.0       -0.02323812060058117       0.0002871729957405478       -0.17748412489891052       0.06836403161287308
7.183333396911621       0.0868721604347229       0.0       -0.0816599428653717       0.00027833692729473114       0.661841094493866       0.06626052409410477
7.199999809265137       -0.48040470480918884       0.0       -0.16381213068962097       0.0002697726886253804       0.9115917086601257       0.06422173976898193
7.2166666984558105       0.21363309025764465       0.0       -0.09256445616483688       0.00026147201424464583       -0.10939038544893265       0.0622456856071949
7.233333110809326       0.12028845399618149       0.0       -0.016284199431538582       0.00025342669687233865       -0.35399043560028076       0.060330431908369064
7.25       -0.2797916829586029       0.0       -0.09438051283359528       0.0002456289657857269       -0.045020703226327896       0.058474112302064896
7.266666889190674       0.46789637207984924       0.0       -0.010772310197353363       0.00023807115212548524       -0.4761594533920288       0.056674908846616745
7.2833333015441895       -0.16466696560382843       0.0       -0.12416257709264755       0.00023074587807059288       0.13287049531936646       0.05493106320500374
7.300000190734863       0.2521733343601227       0.0       0.028208507224917412       0.00022364601318258792       -0.30306485295295715       0.05324087664484978
7.316666603088379       -0.010377241298556328       0.0       -0.02709713950753212       0.0002167646016459912       0.12104646116495132       0.051602695137262344
7.333333492279053       0.04983123019337654       0.0       -0.0748366117477417       0.00021009492047596723       0.12680509686470032       0.0500149205327034
7.349999904632568       0.3347581923007965       0.0       -0.0847926065325737       0.00020363045041449368       -0.46692830324172974       0.048475999385118484
7.366666793823242       -0.1421651393175125       0.0       0.0037724243011325598       0.0001973649050341919       -0.23661033809185028       0.04698443040251732
7.383333206176758       -0.3836059868335724       0.0       -0.08835161477327347       0.00019129214342683554       0.9637321829795837       0.045538756996393204
7.400000095367432       0.1831701099872589       0.0       0.16616034507751465       0.0001854062284110114       -0.14081136882305145       0.044137563556432724
7.416666507720947       0.2818880081176758       0.0       -0.06613771617412567       0.0001797014265321195       -0.052608467638492584       0.04277948662638664
7.433333396911621       -0.1670118123292923       0.0       -0.21766115725040436       0.0001741721498547122       0.44430044293403625       0.04146319255232811
7.449999809265137       0.017163563519716263       0.0       -0.018065320327878       0.0001688129996182397       -0.17426428198814392       0.04018740355968475
7.4666666984558105       -0.25664031505584717       0.0       -0.17819827795028687       0.00016361875168513507       0.3773114085197449       0.03895086795091629
7.483333110809326       0.3259967565536499       0.0       -0.03704505413770676       0.00015858432743698359       -0.47135302424430847       0.03775237873196602
7.5       0.058964382857084274       0.0       0.07327356189489365       0.00015370480832643807       -0.00855571310967207       0.03659076616168022
7.516666889190674       -0.042443111538887024       0.0       0.04534337669610977       0.00014897543587721884       0.2926459014415741       0.035464897751808167
7.5333333015441895       0.2317763864994049       0.0       0.004105375148355961       0.00014439158258028328       -0.12043187022209167       0.03437367081642151
7.550000190734863       -0.19612924754619598       0.0       -0.12333934009075165       0.00013994875189382583       0.19425220787525177       0.03331601992249489
7.566666603088379       0.12750259041786194       0.0       -0.02621443383395672       0.00013564263645093888       -0.059518106281757355       0.03229090943932533
7.583333492279053       0.12327795475721359       0.0       -0.14273148775100708       0.0001314690161962062       0.0750955194234848       0.03129734471440315
7.599999904632568       0.2443426102399826       0.0       -0.05167233198881149       0.00012742381659336388       0.2399526685476303       0.03033434972167015
7.616666793823242       0.11095937341451645       0.0       -0.0693172737956047       0.000123503094073385       -0.11176279932260513       0.029400983825325966
7.633333206176758       0.08831602334976196       0.0       -0.11570167541503906       0.00011970299237873405       -0.0457603856921196       0.028496338054537773
7.650000095367432       0.3042503595352173       0.0       0.15033669769763947       0.00011601982259890065       -0.49529966711997986       0.027619527652859688
7.666666507720947       -0.22031670808792114       0.0       -0.03520612418651581       0.00011244998313486576       0.4791281223297119       0.026769695803523064
7.683333396911621       -0.10429862141609192       0.0       -0.029907386749982834       0.00010898998152697459       0.062313538044691086       0.025946013629436493
7.699999809265137       0.05477035790681839       0.0       -0.2385454773902893       0.00010563644900685176       0.3269692063331604       0.02514767460525036
7.7166666984558105       -0.1662379652261734       0.0       -0.18043552339076996       0.00010238609684165567       0.6744101047515869       0.024373900145292282
7.733333110809326       -0.2246684432029724       0.0       -0.1669953167438507       9.923575271386653e-05       0.14186279475688934       0.023623934015631676
7.75       0.3482365310192108       0.0       -0.15377359092235565       9.618234616937116e-05       -0.15854205191135406       0.02289704419672489
7.766666889190674       0.12958437204360962       0.0       -0.012447437271475792       9.322288678959012e-05       -0.41161781549453735       0.022192519158124924
7.7833333015441895       0.06090729311108589       0.0       -0.000377235613996163       9.03544932953082e-05       -0.0014289675746113062       0.021509671583771706
7.800000190734863       0.26388317346572876       0.0       -0.24660000205039978       8.757435716688633e-05       -0.3846294581890106       0.020847836509346962
7.816666603088379       0.07090520858764648       0.0       0.05330680310726166       8.48797571961768e-05       -0.42294731736183167       0.02020636387169361
7.833333492279053       0.06676703691482544       0.0       -0.011752530001103878       8.22680740384385e-05       -0.5909606218338013       0.01958462968468666
7.849999904632568       0.42318978905677795       0.0       -0.13331647217273712       7.973674655659124e-05       -0.28269368410110474       0.01898202672600746
7.866666793823242       -0.2613407373428345       0.0       -0.27068889141082764       7.728330820100382e-05       0.5088983178138733       0.018397964537143707
7.883333206176758       -0.012994019314646721       0.0       0.050215963274240494       7.490536518162116e-05       -0.12325255572795868       0.017831873148679733
7.900000095367432       0.08161304146051407       0.0       -0.23450210690498352       7.260058191604912e-05       -0.15052233636379242       0.017283199355006218
7.916666507720947       0.2935527265071869       0.0       -0.15391264855861664       7.036671740934253e-05       -0.5173979997634888       0.016751408576965332
7.933333396911621       -0.03444591537117958       0.0       -0.05560321733355522       6.820158887421712e-05       0.3613087236881256       0.01623598113656044
7.949999809265137       0.06720630824565887       0.0       -0.09430843591690063       6.610307900700718e-05       -0.10894908010959625       0.0157364122569561
7.9666666984558105       0.08346015214920044       0.0       -0.11260858178138733       6.40691359876655e-05       -0.283514142036438       0.01525221485644579
7.983333110809326       -0.025900764390826225       0.0       0.048457108438014984       6.209778075572103e-05       -0.18482135236263275       0.014782915823161602
8.0       0.36404845118522644       0.0       -0.06059131771326065       6.0187077906448394e-05       -0.28993135690689087       0.014328056946396828
8.016666412353516       -0.2191067785024643       0.0       -0.02657063864171505       5.8335168432677165e-05       0.004783438052982092       0.013887193985283375
8.033333778381348       -0.1588013768196106       0.0       -0.21133121848106384       5.654024062096141e-05       0.08861985802650452       0.013459895737469196
8.050000190734863       0.26699408888816833       0.0       -0.13974915444850922       5.480054096551612e-05       -0.045468300580978394       0.013045744970440865
8.066666603088379       0.027318477630615234       0.0       -0.09678962826728821       5.3114370530238375e-05       0.009925763122737408       0.012644337490200996
8.083333015441895       -0.11038073897361755       0.0       -0.12867851555347443       5.1480081310728565e-05       0.3697390556335449       0.012255281209945679
8.100000381469727       0.30169349908828735       0.0       -0.06779085099697113       4.9896079872269183e-05       -0.11376132816076279       0.011878195218741894
8.116666793823242       -0.004361538682132959       0.0       -0.0395851768553257       4.83608127979096e-05       -0.2899208068847656       0.011512712575495243
8.133333206176758       -0.4143558144569397       0.0       -0.1504100114107132       4.6872788516338915e-05       0.13825905323028564       0.0111584747210145
8.149999618530273       0.1681773066520691       0.0       0.00771266408264637       4.5430548198055476e-05       -0.3575323224067688       0.010815137065947056
8.166666984558105       0.0153987817466259       0.0       -0.06467382609844208       4.403268758323975e-05       -0.28731536865234375       0.01048236433416605
8.183333396911621       -0.22149808704853058       0.0       -0.15015551447868347       4.267783515388146e-05       0.3159630298614502       0.010159829631447792
8.199999809265137       -0.16323083639144897       0.0       -0.008720537647604942       4.1364670323673636e-05       0.3576677143573761       0.009847219102084637
8.216666221618652       -0.005697034299373627       0.0       0.07073742896318436       4.009191252407618e-05       0.1719079464673996       0.009544228203594685
8.233333587646484       0.4114409387111664       0.0       0.08241256326436996       3.885831392835826e-05       -0.7264177203178406       0.009250559844076633
8.25       0.07725335657596588       0.0       -0.16804946959018707       3.766267400351353e-05       0.25783130526542664       0.008965927176177502
8.266666412353516       0.19375218451023102       0.0       -0.12393812090158463       3.6503821320366114e-05       0.24857597053050995       0.008690052665770054
8.283333778381348       0.12844318151474       0.0       -0.012028677389025688       3.538062810548581e-05       -0.5911281704902649       0.008422666229307652
8.300000190734863       0.27534037828445435       0.0       0.07858569175004959       3.4291992051294073e-05       -0.2479952722787857       0.008163507096469402
8.316666603088379       -0.0005970996571704745       0.0       -0.006980131845921278       3.3236854505958036e-05       0.3563898503780365       0.00791232194751501
8.333333015441895       -0.1411203294992447       0.0       -0.0012690485455095768       3.2214182283496484e-05       -0.17753984034061432       0.0076688663102686405
8.350000381469727       -0.1208253875374794       0.0       0.001040925970301032       3.122297493973747e-05       -0.11771171540021896       0.0074329013004899025
8.366666793823242       -0.20555242896080017       0.0       0.00819728709757328       3.0262270229286514e-05       0.5320883989334106       0.0072041964158415794
8.383333206176758       -0.23206481337547302       0.0       0.036517199128866196       2.9331122277653776e-05       0.47051915526390076       0.006982529070228338
8.399999618530273       0.34256598353385925       0.0       -0.030028538778424263       2.8428627047105692e-05       -0.8280072212219238       0.006767681799829006
8.416666984558105       -0.18071605265140533       0.0       -0.09965620189905167       2.755390050879214e-05       0.19022686779499054       0.006559445522725582
8.433333396911621       -0.42484191060066223       0.0       -0.10708900541067123       2.670608773769345e-05       0.5495848059654236       0.006357616279274225
8.449999809265137       -0.14916867017745972       0.0       -0.14976300299167633       2.5884361093631014e-05       0.31414905190467834       0.006161997560411692
8.466666221618652       -0.11389610916376114       0.0       -0.1950675994157791       2.5087920221267268e-05       0.38065803050994873       0.005972397513687611
8.483333587646484       0.20100781321525574       0.0       -0.1639760583639145       2.431598477414809e-05       0.13740846514701843       0.005788631271570921
8.5       0.044195130467414856       0.0       0.018679119646549225       2.3567799871671014e-05       0.23440316319465637       0.005610519554466009
8.516666412353516       0.18183445930480957       0.0       -0.09186111390590668       2.2842636099085212e-05       -0.048770248889923096       0.005437888205051422
8.533333778381348       -0.015473262406885624       0.0       6.578594911843538e-05       2.2139785869512707e-05       0.00038898063939996064       0.0052705686539411545
8.550000190734863       0.04365581274032593       0.0       0.0750204399228096       2.145856160495896e-05       -0.1268037110567093       0.005108397454023361
8.566666603088379       0.06856823712587357       0.0       -0.06999019533395767       2.0798299374291673e-05       -0.11099987477064133       0.00495121581479907
8.583333015441895       -0.034609902650117874       0.0       -0.14691407978534698       2.0158351617283188e-05       0.3745129406452179       0.004798870533704758
8.600000381469727       0.020535560324788094       0.0       -0.18552350997924805       1.9538094420568086e-05       -0.0952325165271759       0.004651213064789772
8.616666793823242       0.1973215639591217       0.0       -0.17382605373859406       1.8936922060674988e-05       -0.7502888441085815       0.004508099053055048
8.633333206176758       0.12205174565315247       0.0       0.017451412975788116       1.8354247004026547e-05       0.17312543094158173       0.004369388334453106
8.649999618530273       0.32251161336898804       0.0       -0.1058887466788292       1.7789501725928858e-05       -0.343413382768631       0.004234945401549339
8.666666984558105       0.2600490152835846       0.0       -0.04244046285748482       1.724213143461384e-05       -0.23387712240219116       0.004104639403522015
8.683333396911621       0.04926849901676178       0.0       -0.051282431930303574       1.6711604985175654e-05       0.1228567361831665       0.00397834274917841
8.699999809265137       0.14412176609039307       0.0       -0.2363612800836563       1.619740214664489e-05       -0.032330434769392014       0.0038559322711080313
8.716666221618652       0.5275702476501465       0.0       0.007619820069521666       1.5699020877946168e-05       -0.2418375462293625       0.0037372882943600416
8.733333587646484       -0.02268972247838974       0.0       -0.1130761131644249       1.5215973689919338e-05       -0.10223580151796341       0.003622294869273901
8.75       -0.3805946111679077       0.0       0.0032188426703214645       1.474778946430888e-05       0.7701181769371033       0.0035108395386487246
8.766666412353516       -0.1934066265821457       0.0       -0.12329061329364777       1.4294011634774506e-05       0.014404705725610256       0.0034028138034045696
8.783333778381348       -0.17267315089702606       0.0       0.06470809876918793       1.3854195458407048e-05       -0.009401103481650352       0.0032981117255985737
8.800000190734863       0.09608548879623413       0.0       -0.0291042048484087       1.3427912563201971e-05       0.4182793200016022       0.0031966313254088163
8.816666603088379       -0.12314141541719437       0.0       -0.07306502014398575       1.3014746400585864e-05       0.00895028468221426       0.003098273416981101
8.833333015441895       0.12153942883014679       0.0       -0.22651058435440063       1.2614292245416436e-05       0.6764358282089233       0.0030029420740902424
8.850000381469727       -0.15284031629562378       0.0       -0.12325219810009003       1.222616083396133e-05       0.3738519549369812       0.0029105436988174915
8.866666793823242       0.034670185297727585       0.0       -0.07495832443237305       1.1849971087940503e-05       0.12662732601165771       0.0028209886513650417
8.883333206176758       0.10924715548753738       0.0       -0.043564148247241974       1.148535648098914e-05       -0.23315894603729248       0.002734188921749592
8.899999618530273       0.08505972474813461       0.0       -0.171160489320755       1.1131960491184145e-05       0.3160519599914551       0.0026500599924474955
8.916666984558105       -0.012432882562279701       0.0       -0.0992954671382904       1.078943932952825e-05       0.12957444787025452       0.002568519674241543
8.933333396911621       0.07545742392539978       0.0       -0.14161868393421173       1.0457456482981797e-05       -0.10401464253664017       0.0024894883390516043
8.949999809265137       -0.08260281383991241       0.0       -0.2125193327665329       1.0135688171430957e-05       0.02681092359125614       0.0024128886871039867
8.966666221618652       0.3100089430809021       0.0       -0.23090864717960358       9.823820619203616e-06       -0.09271304309368134       0.0023386459797620773
8.983333587646484       0.0697266086935997       0.0       0.055246464908123016       9.521549145574681e-06       -0.5412865281105042       0.002266687573865056
9.0       0.34728100895881653       0.0       -0.15812501311302185       9.228579074260779e-06       -0.2796836793422699       0.002196943387389183
9.016666412353516       0.09956543892621994       0.0       -0.12108805030584335       8.944622095441446e-06       0.19201192259788513       0.0021293452009558678
9.033333778381348       0.09449383616447449       0.0       0.0980619490146637       8.669403541716747e-06       -0.3703802824020386       0.0020638268906623125
9.050000190734863       0.04281388595700264       0.0       -0.016411181539297104       8.402652383665554e-06       -0.35392656922340393       0.0020003244280815125
9.066666603088379       -0.16503450274467468       0.0       -0.23963698744773865       8.144109415297862e-06       0.14927566051483154       0.0019387759966775775
9.083333015441895       0.16583728790283203       0.0       0.025767231360077858       7.893521797086578e-06       -0.1835419237613678       0.0018791214097291231
9.100000381469727       0.3925541937351227       0.0       -0.12631620466709137       7.650643965462223e-06       -0.6390582323074341       0.0018213022267445922
9.116666793823242       0.1458386927843094       0.0       -0.13093462586402893       7.415239451802336e-06       -0.3383646011352539       0.0017652622191235423
9.133333206176758       0.05377490818500519       0.0       -0.20262819528579712       7.187078153947368e-06       -0.44826969504356384       0.0017109464388340712
9.149999618530273       0.16979719698429108       0.0       -0.16867507994174957       6.965937245695386e-06       0.19614244997501373       0.0016583019169047475
9.166666984558105       0.24622006714344025       0.0       -0.06155477091670036       6.751600722054718e-06       -0.46917924284935       0.0016072773141786456
9.183333396911621       0.04313845932483673       0.0       -0.17364467680454254       6.5438593992439564e-06       0.43552282452583313       0.00155782257206738
9.199999809265137       0.25196120142936707       0.0       -0.04193274304270744       6.342509550449904e-06       -0.05432037264108658       0.001509889611043036
9.216666221618652       0.1688145399093628       0.0       -0.19167178869247437       6.14735563431168e-06       0.019677961245179176       0.0014634313993155956
9.233333587646484       -0.25367632508277893       0.0       -0.08183020353317261       5.95820620219456e-06       0.3662172853946686       0.00141840276774019
9.25       0.031173821538686752       0.0       -0.14250990748405457       5.774876626674086e-06       0.07594381272792816       0.0013747595949098468
9.266666412353516       0.21307605504989624       0.0       -0.16764916479587555       5.597188192041358e-06       0.19678258895874023       0.0013324592728167772
9.283333778381348       -0.06176889315247536       0.0       -0.29116299748420715       5.424967184808338e-06       0.39012494683265686       0.0012914605904370546
9.300000190734863       0.3654109239578247       0.0       -0.20126400887966156       5.258044893707847e-06       -0.5124378800392151       0.0012517232680693269
9.316666603088379       -0.24738235771656036       0.0       -0.03512474149465561       5.096258973935619e-06       0.3001042902469635       0.0012132087722420692
9.333333015441895       -0.37102410197257996       0.0       -0.12659552693367004       4.939451173413545e-06       0.31416431069374084       0.001175879267975688
9.350000381469727       0.5146077275276184       0.0       -0.2268565595149994       4.787467787537025e-06       -0.39247602224349976       0.0011396983172744513
9.366666793823242       -0.22008973360061646       0.0       -0.08354093879461288       4.640161023417022e-06       0.48505622148513794       0.0011046307627111673
9.383333206176758       -0.11696872860193253       0.0       -0.07892434298992157       4.497387180890655e-06       0.6042861342430115       0.0010706420289352536
9.399999618530273       -0.19883695244789124       0.0       -0.1544918417930603       4.3590057430265006e-06       0.5531651377677917       0.001037699286825955
9.416666984558105       -0.09810902178287506       0.0       -0.11980864405632019       4.224882559356047e-06       0.07430259883403778       0.0010057700565084815
9.433333396911621       0.3461931049823761       0.0       -0.07543150335550308       4.094886207894888e-06       -0.7616892457008362       0.0009748232550919056
9.449999809265137       -0.32536476850509644       0.0       -0.06039582937955856       3.968889814132126e-06       0.4827008843421936       0.000944828731007874
9.466666221618652       -0.14714282751083374       0.0       -0.2898140847682953       3.8467701415356714e-06       0.09303279221057892       0.0009157570311799645
9.483333587646484       -0.2284388691186905       0.0       -0.222685307264328       3.7284078189259162e-06       0.5029834508895874       0.0008875799248926342
9.5       -0.41188564896583557       0.0       -0.35519054532051086       3.6136875678494107e-06       -0.01305284071713686       0.000860269763506949
9.516666412353516       -0.03946426510810852       0.0       -0.1260758936405182       3.5024972930841614e-06       0.25065359473228455       0.0008337999461218715
9.533333778381348       -0.07839231193065643       0.0       -0.2480313777923584       3.394728082639631e-06       0.6229113936424255       0.0008081445121206343
9.550000190734863       -0.025316379964351654       0.0       -0.026776649057865143       3.2902748898777645e-06       0.1217368096113205       0.0007832785486243665
9.566666603088379       -0.2798892855644226       0.0       -0.10466527193784714       3.1890356240182882e-06       0.6084784269332886       0.0007591776666231453
9.583333015441895       -0.27647244930267334       0.0       -0.16969034075737       3.0909116048860596e-06       0.08129990100860596       0.0007358183502219617
9.600000381469727       -0.2918919026851654       0.0       -0.07948831468820572       2.9958066534163663e-06       0.2468290477991104       0.0007131777820177376
9.616666793823242       0.014020219445228577       0.0       -0.11448562890291214       2.9036280011496274e-06       -0.1634536236524582       0.0006912338430993259
9.633333206176758       -0.07958602905273438       0.0       -0.12884917855262756       2.814285380736692e-06       0.3700009286403656       0.0006699651130475104
9.649999618530273       -0.057566963136196136       0.0       -0.040155403316020966       2.727692162807216e-06       -0.46813517808914185       0.000649350811727345
9.666666984558105       0.35906606912612915       0.0       -0.019899312406778336       2.6437630822329083e-06       -0.2980246841907501       0.0006293707992881536
9.683333396911621       0.4303063750267029       0.0       -0.14585217833518982       2.562416511864285e-06       -0.8736416697502136       0.0006100055179558694
9.699999809265137       0.03430796414613724       0.0       0.05107874795794487       2.4835728709149407e-06       -0.48308539390563965       0.0005912361084483564
