t       fx       vx       fy       vy       fz       vz
0.0       -0.26549607515335083       0.0       -4.742954730987549       0.0       -0.5137515068054199       0.0
0.01666666753590107       -0.15785545110702515       0.0       -7.625616550445557       0.0       0.013738826848566532       0.0
0.03333333507180214       -0.2409631460905075       0.0       -0.0414680615067482       0.0       1.9307359457015991       0.0
0.05000000074505806       -0.7192374467849731       0.0       3.903613567352295       0.0       4.1258225440979       0.0
0.06666667014360428       1.870814561843872       0.0       -11.027832984924316       0.0       -3.848602056503296       0.0
0.0833333358168602       0.6016889214515686       0.0       -5.371945858001709       0.0       -0.5826882719993591       0.0
0.10000000149011612       0.8024047017097473       0.0       -4.491753578186035       0.0       -0.8668201565742493       0.0
0.11666666716337204       0.486487478017807       0.0       -5.5979204177856445       0.0       -1.983215093612671       0.0
0.13333334028720856       0.759273886680603       0.0       -5.643394470214844       0.0       -1.4325257539749146       0.0
0.15000000596046448       0.8838413953781128       0.0       -5.439231872558594       0.0       -1.2228589057922363       0.0
0.1666666716337204       1.0785799026489258       0.0       -6.537317752838135       0.0       -1.225399374961853       0.0
0.18333333730697632       0.7661142945289612       0.0       -6.842071533203125       0.0       -1.663411259651184       0.0
0.20000000298023224       0.9948694109916687       0.0       -7.995059490203857       0.0       -1.7087817192077637       0.0
0.21666666865348816       0.9948694109916687       0.0       -7.995059490203857       0.0       -1.7087817192077637       0.0
0.23333333432674408       1.5709552764892578       0.0       -9.887602806091309       0.0       -4.671547889709473       0.0
0.25       1.351127028465271       0.0       -10.550337791442871       0.0       -4.406743049621582       0.0
0.2666666805744171       1.9271156787872314       0.0       -12.092779159545898       0.0       -5.422628402709961       0.0
0.28333333134651184       1.9581947326660156       0.0       -12.824172019958496       0.0       -4.308420658111572       0.0
0.30000001192092896       1.6435301303863525       0.0       -14.245387077331543       0.0       -5.102932929992676       0.0
0.3166666626930237       2.5629754066467285       0.0       -14.27515983581543       0.0       -6.18410062789917       0.0
0.3333333432674408       3.2193071842193604       0.0       -15.695143699645996       0.0       -8.031094551086426       0.0
0.3499999940395355       3.18759822845459       0.0       -17.319616317749023       0.0       -8.527213096618652       0.0
0.36666667461395264       3.183333396911621       0.0       -18.829927444458008       0.0       -8.608158111572266       0.0
0.38333332538604736       2.7156012058258057       0.0       -19.25130271911621       0.0       -8.727325439453125       0.0
0.4000000059604645       4.0147929191589355       0.0       -20.94029998779297       0.0       -11.049540519714355       0.0
0.4166666567325592       4.223960876464844       0.0       -21.767839431762695       0.0       -11.125941276550293       0.0
0.4333333373069763       3.87739634513855       0.0       -21.976633071899414       0.0       -11.10373306274414       0.0
0.44999998807907104       2.807602643966675       0.0       -17.221708297729492       0.0       -7.050525665283203       0.0
0.46666666865348816       3.0213756561279297       0.0       -17.760326385498047       0.0       -7.772803783416748       0.0
0.4833333194255829       2.8389737606048584       0.0       -18.232723236083984       0.0       -7.5690531730651855       0.0
0.5       3.598646640777588       0.0       -17.87954330444336       0.0       -9.016397476196289       0.0
0.5166666507720947       3.449852705001831       0.0       -18.341901779174805       0.0       -8.902212142944336       0.0
0.5333333611488342       3.2170963287353516       0.0       -19.21435546875       0.0       -8.488386154174805       0.0
0.550000011920929       3.564178466796875       0.0       -18.13334846496582       0.0       -8.770347595214844       0.0
0.5666666626930237       2.8884716033935547       0.0       -19.063180923461914       0.0       -7.9379472732543945       0.0
0.5833333134651184       3.2716946601867676       0.0       -17.38650894165039       0.0       -8.470151901245117       0.0
0.6000000238418579       3.4154014587402344       0.0       -17.726512908935547       0.0       -8.174341201782227       0.0
0.6166666746139526       3.2676727771759033       0.0       -16.948598861694336       0.0       -8.502090454101562       0.0
0.6333333253860474       2.713031053543091       0.0       -18.39664077758789       0.0       -7.685937404632568       0.0
0.6499999761581421       2.9755640029907227       0.0       -17.727598190307617       0.0       -8.464351654052734       0.0
0.6666666865348816       3.2071492671966553       0.0       -17.202186584472656       0.0       -8.102803230285645       0.0
0.6833333373069763       3.342567205429077       0.0       -17.14015769958496       0.0       -7.277466773986816       0.0
0.699999988079071       2.864137887954712       0.0       -15.623926162719727       0.0       -7.050960063934326       0.0
0.7166666388511658       2.3332319259643555       0.0       -14.271822929382324       0.0       -5.670756816864014       0.0
0.7333333492279053       2.5690677165985107       0.0       -13.726414680480957       0.0       -6.073554039001465       0.0
0.75       1.3615754842758179       0.0       -12.646411895751953       0.0       -5.080338954925537       0.0
0.7666666507720947       0.8998517394065857       0.0       -11.964530944824219       0.0       -3.2296574115753174       0.0
0.7833333611488342       1.5293604135513306       0.0       -10.285508155822754       0.0       -3.7961935997009277       0.0
0.800000011920929       1.861261010169983       0.0       -8.370270729064941       0.0       -3.503905773162842       0.0
0.8166666626930237       1.0192441940307617       0.0       -7.159293174743652       0.0       -1.789052128791809       0.0
0.8333333134651184       1.3902852535247803       0.0       -4.887718677520752       0.0       -2.055047035217285       0.0
0.8500000238418579       0.5286258459091187       0.0       -4.0885701179504395       0.0       0.3089325428009033       0.0
0.8666666746139526       -0.1285952478647232       0.0       -2.2675247192382812       0.0       0.6066207885742188       0.0
0.8833333253860474       -0.2809445559978485       0.0       -1.1161125898361206       0.0       1.1742017269134521       0.0
0.8999999761581421       -0.3368561565876007       0.0       -0.7667213678359985       0.0       1.803016185760498       0.0
0.9166666865348816       -0.6174301505088806       0.0       -0.10469084978103638       0.0       1.761106014251709       0.0
0.9333333373069763       -0.8623157739639282       0.0       0.4303019046783447       0.0       2.103846311569214       0.0
0.949999988079071       -0.22705653309822083       0.0       -1.222335696220398       0.0       1.9787997007369995       0.0
0.9666666388511658       0.07688308507204056       0.0       -2.231544256210327       0.0       1.0878880023956299       0.0
0.9833333492279053       -0.8199771046638489       0.0       -1.7492657899856567       0.0       2.1438348293304443       0.0
1.0       0.00016604410484433174       0.0       -1.5060086250305176       0.0       1.7391360998153687       0.0
1.0166666507720947       0.4104994833469391       0.0       -2.049466609954834       0.0       0.36203667521476746       0.0
1.0333333015441895       0.6634547710418701       0.0       -0.8501960039138794       0.0       0.8853277564048767       0.0
1.0499999523162842       -0.013559787534177303       0.0       -1.5579246282577515       0.0       0.671320915222168       0.0
1.0666667222976685       0.016627926379442215       0.0       -1.3177200555801392       0.0       1.669946551322937       0.0
1.0833333730697632       -0.0004598052182700485       0.0       -1.2089357376098633       0.0       0.5794558525085449       0.0
1.100000023841858       -0.15770800411701202       0.0       -2.374427318572998       0.0       0.8243371844291687       0.0
1.1166666746139526       -0.3322865068912506       0.0       -0.6432054042816162       0.0       2.0721023082733154       0.0
1.1333333253860474       -0.31276097893714905       0.0       -0.9554213881492615       0.0       1.786447286605835       0.0
1.149999976158142       0.041481953114271164       0.0       -0.8337032794952393       0.0       1.5412975549697876       0.0
1.1666666269302368       -0.37697160243988037       0.0       -1.855276107788086       0.0       1.1906087398529053       0.0
1.1833332777023315       -0.2371964007616043       0.0       -0.00032612073118798435       0.0       1.7590287923812866       0.0
1.2000000476837158       -0.0251303818076849       0.0       -1.6348592042922974       0.0       0.2292499542236328       0.0
1.2166666984558105       0.34469231963157654       0.0       -0.4678763449192047       0.0       0.4751436412334442       0.0
1.2333333492279053       -0.30930688977241516       0.0       0.4449126124382019       0.0       2.465210437774658       0.0
1.25       -0.5763318538665771       0.0       -2.3254330158233643       0.0       2.407594919204712       0.0
1.2666666507720947       -0.524074137210846       0.0       -0.508980393409729       0.0       2.4281373023986816       0.0
1.2833333015441895       -0.150313138961792       0.0       -0.9587251543998718       0.0       1.1203685998916626       0.0
1.2999999523162842       -0.07214531302452087       0.0       -0.9346953630447388       0.0       1.9870853424072266       0.0
1.3166667222976685       0.2249021828174591       0.0       -1.3244329690933228       0.0       1.0165380239486694       0.0
1.3333333730697632       0.35872671008110046       0.0       -0.7068678736686707       0.0       0.20630553364753723       0.0
1.350000023841858       -0.29634296894073486       0.0       -2.1775431632995605       0.0       1.1237884759902954       0.0
1.3666666746139526       0.08674616366624832       0.0       -0.05384937301278114       0.0       1.3525909185409546       0.0
1.3833333253860474       0.10309578478336334       0.0       -0.9237270951271057       0.0       0.872100830078125       0.0
1.399999976158142       0.004825823474675417       0.0       0.06709451973438263       0.0       1.188111662864685       0.0
1.4166666269302368       0.004825823474675417       0.0       0.06709451973438263       0.0       1.188111662864685       0.0
1.4333332777023315       -0.008289734832942486       0.0       -1.9459164142608643       0.0       0.7368765473365784       0.0
1.4500000476837158       -0.3817785382270813       0.0       -2.282252550125122       0.0       1.2104294300079346       0.0
1.4666666984558105       -0.19288834929466248       0.0       -2.588352680206299       0.0       -0.11387187242507935       0.0
1.4833333492279053       -0.38500040769577026       0.0       -1.1767133474349976       0.0       1.3619920015335083       0.0
1.5       -0.12578414380550385       0.0       -0.564673125743866       0.0       1.216901183128357       0.0
1.5166666507720947       -0.272796630859375       0.0       -0.7120404243469238       0.0       1.7588022947311401       0.0
1.5333333015441895       0.3318936228752136       0.0       -2.1485202312469482       0.0       1.4071744680404663       0.0
1.5499999523162842       -0.1290336400270462       0.0       -1.6264903545379639       0.0       1.5250946283340454       0.0
1.5666667222976685       -0.04026483744382858       0.0       -0.08726734668016434       0.0       1.0114539861679077       0.0
1.5833333730697632       0.5724285840988159       0.0       -0.9355676174163818       0.0       0.6634683012962341       0.0
1.600000023841858       -0.08619824796915054       0.0       -1.3812873363494873       0.0       1.3459022045135498       0.0
1.6166666746139526       0.026996633037924767       0.0       -0.8202947974205017       0.0       1.4621177911758423       0.0
1.6333333253860474       0.026665983721613884       0.0       -0.5074852108955383       0.0       0.5825017690658569       0.0
1.649999976158142       0.026391223073005676       0.0       -0.22231999039649963       0.0       1.1796715259552002       0.0
1.6666666269302368       -0.1818813681602478       0.0       -1.310873031616211       0.0       0.21178588271141052       0.0
1.6833332777023315       0.5419238209724426       0.0       -1.2595118284225464       0.0       -0.13242700695991516       0.0
1.7000000476837158       -0.1656973510980606       0.0       -1.0526567697525024       0.0       0.9009658098220825       0.0
1.7166666984558105       0.310126930475235       0.0       -1.4445879459381104       0.0       0.6677658557891846       0.0
1.7333333492279053       0.3093993663787842       0.0       -1.1545758247375488       0.0       1.341080904006958       0.0
1.75       -0.0859488993883133       0.0       -2.1128089427948       0.0       1.0775686502456665       0.0
1.7666666507720947       0.3888881206512451       0.0       -0.7474581599235535       0.0       0.8346568942070007       0.0
1.7833333015441895       -0.22131986916065216       0.0       -1.5136301517486572       0.0       0.9479287266731262       0.0
1.7999999523162842       -0.4106816053390503       0.0       -0.9518387317657471       0.0       1.7747197151184082       0.0
1.8166667222976685       0.38709917664527893       0.0       -2.4091861248016357       0.0       -0.31733468174934387       0.0
1.8333333730697632       -0.3338231146335602       0.0       -1.3354501724243164       0.0       1.7640520334243774       0.0
1.850000023841858       0.29802796244621277       0.0       -1.5660035610198975       0.0       1.0516629219055176       0.0
1.8666666746139526       -0.39848792552948       0.0       -2.049584150314331       0.0       1.9926749467849731       0.0
1.8833333253860474       -0.7217734456062317       0.0       -0.2575594186782837       0.0       2.968519687652588       0.0
1.899999976158142       0.1399790346622467       0.0       -1.2492437362670898       0.0       0.5326981544494629       0.0
1.9166666269302368       -0.21400433778762817       0.0       -1.167077898979187       0.0       1.490081548690796       0.0
1.9333332777023315       -0.1585392951965332       0.0       -0.02027413249015808       0.0       1.9141863584518433       0.0
1.9500000476837158       0.026003768667578697       0.0       -2.1452159881591797       0.0       1.7692795991897583       0.0
1.9666666984558105       0.0788680911064148       0.0       -2.0161664485931396       0.0       0.86014324426651       0.0
1.9833333492279053       0.3355497419834137       0.0       -1.0748625993728638       0.0       0.75897616147995       0.0
2.0       0.5165660977363586       0.0       -0.9377689361572266       0.0       0.0007406209479086101       0.0
2.0166666507720947       -0.1743181198835373       0.0       -1.2615593671798706       0.0       0.7003579139709473       0.0
2.0333333015441895       -0.11714474111795425       0.0       -1.7660739421844482       0.0       1.5535248517990112       0.0
2.049999952316284       -0.4045853912830353       0.0       -1.4642974138259888       0.0       1.3326412439346313       0.0
2.066666603088379       -1.5984896421432495       0.0       -0.8564784526824951       0.0       2.2357730865478516       0.0
2.0833332538604736       -0.005348758772015572       0.0       -1.415879249572754       0.0       0.9379811882972717       0.0
2.0999999046325684       0.8032907247543335       0.0       -2.4311864376068115       0.0       -0.3917405307292938       0.0
2.116666555404663       -0.06097130849957466       0.0       -2.238999843597412       0.0       1.4610743522644043       0.0
2.133333444595337       0.9273269176483154       0.0       -8.445530891418457       0.0       -1.73990797996521       0.0
2.1500000953674316       1.8352446556091309       0.0       -9.789003372192383       0.0       -3.2776777744293213       0.0
2.1666667461395264       1.852324366569519       0.0       -8.98302173614502       0.0       -4.0690531730651855       0.0
2.183333396911621       1.2843538522720337       0.0       -9.773176193237305       0.0       -2.251345634460449       0.0
2.200000047683716       1.9644060134887695       0.0       -12.228957176208496       0.0       -4.068732738494873       0.0
2.2166666984558105       0.38515955209732056       0.0       -14.011826515197754       0.0       -0.1422146111726761       0.0
2.2333333492279053       0.44630303978919983       0.0       -18.013229370117188       0.0       -1.1978594064712524       0.0
2.25       0.8336224555969238       0.0       -18.252634048461914       0.0       -2.026735305786133       0.0
2.2666666507720947       -1.1833800077438354       0.0       -22.19105339050293       0.0       5.476875305175781       0.0
2.2833333015441895       -0.4484637379646301       0.0       -22.616897583007812       0.0       1.4407209157943726       0.0
2.299999952316284       0.06225624680519104       0.0       -25.835447311401367       0.0       1.4777456521987915       0.0
2.316666603088379       1.4721286296844482       0.0       -31.096954345703125       0.0       -3.7593226432800293       0.0
2.3333332538604736       -0.6215053796768188       0.0       -43.02239990234375       0.0       3.5651865005493164       0.0
2.3499999046325684       0.9368978142738342       0.0       -45.25074005126953       0.0       -1.4760369062423706       0.0
2.366666555404663       0.43038129806518555       0.0       -40.78025436401367       0.0       -0.4814322590827942       0.0
2.383333444595337       1.2557973861694336       0.0       -48.31370544433594       0.0       -4.184335231781006       0.0
2.4000000953674316       0.3374522030353546       0.0       -46.89837646484375       0.0       -0.7104436159133911       0.0
2.4166667461395264       0.2778552174568176       0.0       -50.785667419433594       0.0       -1.1239393949508667       0.0
2.433333396911621       0.37836572527885437       0.0       -45.99778747558594       0.0       -1.256095290184021       0.0
2.450000047683716       -0.2612399458885193       0.0       -48.794063568115234       0.0       -1.0855525732040405       0.0
2.4666666984558105       -1.3493024110794067       0.0       -45.76355743408203       0.0       3.5199034214019775       0.0
2.4833333492279053       0.3641500771045685       0.0       -56.46223449707031       0.0       -1.537442684173584       0.0
2.5       -1.1253165006637573       0.0       -61.398643493652344       0.0       1.9436169862747192       0.0
2.5166666507720947       -2.451678991317749       0.0       -68.56416320800781       0.0       1.8962452411651611       0.0
2.5333333015441895       -3.080271005630493       0.0       -65.74592590332031       0.0       3.4183878898620605       0.0
2.549999952316284       -6.395323276519775       0.0       -60.24561309814453       0.0       8.534672737121582       0.0
2.566666603088379       -5.330564022064209       0.0       -67.99481964111328       0.0       3.6309337615966797       0.0
2.5833332538604736       -6.390628814697266       0.0       -65.17826843261719       0.0       8.59978199005127       0.0
2.5999999046325684       -8.478837966918945       0.0       -71.07006072998047       0.0       11.665514945983887       0.0
2.616666555404663       -7.560786724090576       0.0       -74.4249267578125       0.0       7.578860282897949       0.0
2.633333444595337       -11.389891624450684       0.0       -72.78795623779297       0.0       14.588761329650879       0.0
2.6500000953674316       -10.70801830291748       0.0       -79.39168548583984       0.0       10.996648788452148       0.0
2.6666667461395264       -11.035305976867676       0.0       -82.06002807617188       0.0       12.555221557617188       0.0
2.683333396911621       -15.896358489990234       0.0       -78.6330337524414       0.0       18.98238182067871       0.0
2.700000047683716       -16.585514068603516       0.0       -78.6197280883789       0.0       15.131791114807129       0.0063536460511386395
2.7166666984558105       -17.71493148803711       0.0       -88.3041000366211       0.0       14.256720542907715       0.012743313796818256
2.7333333492279053       -13.158679962158203       0.0       -88.38314056396484       0.0       16.631694793701172       0.01861531473696232
2.75       -15.095816612243652       0.0       -85.0457534790039       0.0       22.19110870361328       0.02526720054447651
2.7666666507720947       -13.481982231140137       0.0       -85.4250717163086       0.0       18.128053665161133       0.032241057604551315
2.7833333015441895       -12.939423561096191       0.0       -94.7796859741211       0.0       11.83423137664795       0.038347117602825165
2.799999952316284       -13.20055103302002       0.0       -92.80921936035156       0.0       14.994338989257812       0.04328583553433418
2.816666603088379       -14.05288314819336       0.0       -77.6114273071289       0.0       18.304946899414062       0.04809737578034401
2.8333332538604736       -9.343265533447266       0.0       -96.02348327636719       0.0       2.259873390197754       0.046617455780506134
2.8499999046325684       -13.694676399230957       0.0       -93.49846649169922       0.0       11.594856262207031       0.04518307372927666
2.866666555404663       -9.438441276550293       0.0       -76.80879211425781       0.0       1.039069414138794       0.04379282519221306
2.883333444595337       -7.205752372741699       0.0       -79.95257568359375       0.0       0.7154945731163025       0.0424453504383564
2.9000000953674316       -9.31916332244873       0.0       -73.49718475341797       0.0       9.706960678100586       0.04113934189081192
2.9166667461395264       -9.495899200439453       0.0       -76.27910614013672       0.0       6.652856826782227       0.03987351432442665
2.933333396911621       -7.754528045654297       0.0       -79.1666030883789       0.0       5.584231376647949       0.0386466383934021
2.950000047683716       -7.667840003967285       0.0       -78.33692932128906       0.0       6.270354270935059       0.03745751082897186
2.9666666984558105       -7.502391815185547       0.0       -75.0254898071289       0.0       4.9185709953308105       0.03630497306585312
2.9833333492279053       -5.7339887619018555       0.0       -72.2795639038086       0.0       1.8856534957885742       0.035187896341085434
3.0       -8.156363487243652       0.0       -74.57267761230469       0.0       12.215598106384277       0.03410519286990166
3.0166666507720947       -7.9387030601501465       0.0       -85.47498321533203       0.0       12.989177703857422       0.03305580094456673
3.0333333015441895       -6.9225077629089355       0.0       -80.05046844482422       0.0       11.916223526000977       0.032038699835538864
3.049999952316284       -5.305865287780762       0.0       -77.45854949951172       0.0       9.79774284362793       0.03105289302766323
3.066666603088379       -1.0730713605880737       0.0       -76.67908477783203       0.0       -0.9295768141746521       0.030097419396042824
3.0833332538604736       1.3058266639709473       0.0       -88.66313171386719       0.0       -5.126882076263428       0.029171345755457878
3.0999999046325684       -1.4051291942596436       0.0       -90.88650512695312       0.0       5.515163898468018       0.02827376499772072
3.116666555404663       -3.4071004390716553       0.0       -91.16969299316406       0.0       13.50409984588623       0.027403803542256355
3.133333444595337       -3.555715799331665       0.0       -91.64727783203125       0.0       16.376663208007812       0.02656061016023159
3.1500000953674316       -2.6977598667144775       0.0       -85.15520477294922       0.0       15.776006698608398       0.025743359699845314
3.1666667461395264       1.9079779386520386       0.0       -94.16486358642578       0.0       4.178073406219482       0.024951256811618805
3.183333396911621       -0.9484351873397827       0.0       -90.55803680419922       0.0       11.244776725769043       0.024183524772524834
3.200000047683716       -3.0006470680236816       0.0       -83.91571807861328       0.0       12.514662742614746       0.02343941666185856
3.2166666984558105       -0.3305802047252655       0.0       -88.50432586669922       0.0       5.981969356536865       0.02271820418536663
3.2333333492279053       -1.1496061086654663       0.0       -95.86328125       0.0       8.080840110778809       0.02201918326318264
3.25       0.3033808767795563       0.0       -96.61705780029297       0.0       4.579855442047119       0.02134166844189167
3.2666666507720947       -0.9622079133987427       0.0       -91.50054168701172       0.0       7.829667091369629       0.020685002207756042
3.2833333015441895       -3.9718525409698486       0.0       -95.7071304321289       0.0       16.54619598388672       0.020048540085554123
3.299999952316284       -5.292067050933838       0.0       -97.93160247802734       0.0       20.58356475830078       0.019431661814451218
3.316666603088379       -3.8143765926361084       0.0       -99.40501403808594       0.0       14.536334991455078       0.018833765760064125
3.3333332538604736       -3.4376492500305176       0.0       -99.38993835449219       0.0       14.921403884887695       0.018254265189170837
3.3499999046325684       -4.392887115478516       0.0       -99.10350036621094       0.0       17.782440185546875       0.024157045409083366
3.366666555404663       -2.1152496337890625       0.0       -102.03904724121094       0.0       9.639625549316406       0.023413751274347305
3.383333444595337       -0.6247109770774841       0.0       -95.1328353881836       0.0       6.087904930114746       0.02269332855939865
3.4000000953674316       1.6197222471237183       0.0       -86.74818420410156       0.0       -0.09045043587684631       0.021995073184370995
3.4166667461395264       0.9968501329421997       0.0       -101.0363540649414       0.0       1.623745083808899       0.021318301558494568
3.433333396911621       -0.11070160567760468       0.0       -103.0826644897461       0.0       4.929861068725586       0.020662352442741394
3.450000047683716       0.319223552942276       0.0       -102.6218490600586       0.0       2.896544933319092       0.020026588812470436
3.4666666984558105       -0.20101642608642578       0.0       -98.57559967041016       0.0       5.442431926727295       0.0194103866815567
3.4833333492279053       -0.5001747012138367       0.0       -95.28864288330078       0.0       6.402646541595459       0.01881314255297184
3.5       -0.6047115325927734       0.0       -92.56431579589844       0.0       7.946658611297607       0.01823427714407444
3.5166666507720947       -2.1747498512268066       0.0       -85.68177795410156       0.0       10.58524227142334       0.017673222348093987
3.5333333015441895       0.1772196739912033       0.0       -94.80255889892578       0.0       4.5274481773376465       0.017129430547356606
3.549999952316284       1.0108389854431152       0.0       -90.82418060302734       0.0       1.9653072357177734       0.016602370887994766
3.566666603088379       1.7492252588272095       0.0       -91.25183868408203       0.0       -0.6373379826545715       0.01609152927994728
3.5833332538604736       0.1561008244752884       0.0       -98.86477661132812       0.0       5.10133171081543       0.015596405602991581
3.5999999046325684       -2.683573007583618       0.0       -91.96060180664062       0.0       13.073512077331543       0.015116516500711441
3.616666555404663       0.09647461026906967       0.0       -99.8245849609375       0.0       4.143111228942871       0.014651392586529255
3.633333444595337       -1.3042556047439575       0.0       -100.88072967529297       0.0       8.31937026977539       0.014200580306351185
3.6500000953674316       1.3071576356887817       0.0       -104.13185119628906       0.0       2.8956172466278076       0.013763639144599438
3.6666667461395264       0.34246039390563965       0.0       -98.63343048095703       0.0       4.871158123016357       0.01334014255553484
3.683333396911621       3.7679591178894043       0.0       -97.33084869384766       0.0       -5.059011936187744       0.012929677031934261
3.700000047683716       1.3062745332717896       0.0       -99.10867309570312       0.0       1.818210482597351       0.012531841173768044
3.7166666984558105       3.124011993408203       0.0       -103.27658081054688       0.0       -4.32167387008667       0.012146245688199997
3.7333333492279053       4.7601518630981445       0.0       -98.77236938476562       0.0       -8.366665840148926       0.011772515252232552
3.75       3.2515664100646973       0.0       -98.10275268554688       0.0       -3.793816566467285       0.011410283856093884
3.7666666507720947       1.3059265613555908       0.0       -97.96975708007812       0.0       1.103131651878357       0.011059198528528214
3.7833333015441895       -1.394341230392456       0.0       -99.56905364990234       0.0       8.63839340209961       0.010718914680182934
3.799999952316284       1.4506772756576538       0.0       -102.34449768066406       0.0       2.2628257274627686       0.01038910262286663
3.816666603088379       -1.1267197132110596       0.0       -99.77690124511719       0.0       9.317877769470215       0.010069437325000763
3.8333332538604736       0.2724993824958801       0.0       -100.8123779296875       0.0       4.746509552001953       0.009759608656167984
3.8499999046325684       2.2129485607147217       0.0       -97.43553924560547       0.0       -1.077644944190979       0.009459313005208969
3.866666555404663       1.3541464805603027       0.0       -94.4074478149414       0.0       2.5909016132354736       0.009168257005512714
3.883333444595337       3.0332672595977783       0.0       -101.56006622314453       0.0       -2.1450772285461426       0.008886157535016537
3.9000000953674316       5.175134181976318       0.0       -100.7745590209961       0.0       -9.135363578796387       0.0086127370595932
3.9166667461395264       6.04974365234375       0.0       -103.16253662109375       0.0       -12.066786766052246       0.008347729220986366
3.933333396911621       11.438260078430176       0.0       -104.72069549560547       0.0       -28.75096321105957       0.008090876042842865
3.950000047683716       9.301498413085938       0.0       -94.35411834716797       0.0       -22.294614791870117       0.00784192606806755
3.9666666984558105       5.269043445587158       0.0       -75.04607391357422       0.0       -9.332547187805176       0.007600636221468449
3.9833333492279053       8.919018745422363       0.0       -64.73904418945312       0.0       -18.280807495117188       0.007366770412772894
4.0       4.834222793579102       0.0       -63.91900634765625       0.0       -6.144379615783691       0.007140100467950106
4.016666889190674       4.528709888458252       0.0       -56.46004867553711       0.0       -9.038032531738281       0.006920405197888613
4.0333333015441895       1.0719083547592163       0.0       -54.81534957885742       0.0       0.3265034258365631       0.006707469932734966
4.050000190734863       0.8022578954696655       0.0       -54.743743896484375       0.0       1.6315205097198486       0.006501086056232452
4.066666603088379       2.7686867713928223       0.0       -43.65464782714844       0.0       -3.074780225753784       0.0063010528683662415
4.083333492279053       4.809854030609131       0.0       -36.570556640625       0.0       -8.759096145629883       0.006107174325734377
4.099999904632568       4.674564361572266       0.0       -28.366043090820312       0.0       -8.124685287475586       0.0059192609041929245
4.116666793823242       4.127744674682617       0.0       -18.444997787475586       0.0       -6.433855056762695       0.00573713006451726
4.133333206176758       3.4868505001068115       0.0       -11.390641212463379       0.0       -5.442408561706543       0.005560602992773056
4.150000095367432       1.7810794115066528       0.0       -9.851780891418457       0.0       -0.238101527094841       0.00538950739428401
4.166666507720947       3.243844509124756       0.0       -13.590015411376953       0.0       -5.145800590515137       0.005223676562309265
4.183333396911621       2.453681230545044       0.0       -10.240306854248047       0.0       -1.2306392192840576       0.005062947981059551
4.199999809265137       2.2507543563842773       0.0       -7.420969486236572       0.0       -0.7237170338630676       0.0049071647226810455
4.2166666984558105       2.123811721801758       0.0       -7.709049701690674       0.0       0.5988629460334778       0.004756174981594086
4.233333110809326       3.540893077850342       0.0       -11.906099319458008       0.0       -3.2396674156188965       0.004609831143170595
4.25       2.466991901397705       0.0       -10.031933784484863       0.0       -1.6663358211517334       0.0044679902493953705
4.266666889190674       2.8581600189208984       0.0       -6.717944622039795       0.0       -1.4248026609420776       0.004330513533204794
4.2833333015441895       0.10721129924058914       0.0       -3.991513252258301       0.0       6.3053436279296875       0.004197267349809408
4.300000190734863       4.2031660079956055       0.0       -4.816195964813232       0.0       -4.804741859436035       0.0040681203827261925
4.316666603088379       4.39061164855957       0.0       2.9090757369995117       0.0       -6.118711471557617       0.003942947369068861
4.333333492279053       6.823246002197266       0.0       9.763628959655762       0.0       -13.622580528259277       0.0038216260727494955
4.349999904632568       0.9112701416015625       0.0       5.798111915588379       0.0       5.258636474609375       0.003704037517309189
4.366666793823242       1.0367799997329712       0.0       8.606546401977539       0.0       6.40294885635376       0.0035900671500712633
4.383333206176758       7.264382839202881       0.0       16.52358627319336       0.0       -9.427570343017578       0.0034796036779880524
4.400000095367432       10.365662574768066       0.0       29.14657974243164       0.0       -17.363019943237305       0.003372538834810257
4.416666507720947       2.0077004432678223       0.0       20.60650634765625       0.0       12.488035202026367       0.003268768545240164
4.433333396911621       8.02263069152832       0.0       28.652572631835938       0.0       -5.97335958480835       0.003168191062286496
4.449999809265137       5.9312744140625       0.0       27.471080780029297       0.0       4.136275291442871       0.003070708131417632
4.4666666984558105       7.134719371795654       0.0       34.65041732788086       0.0       2.5075488090515137       0.002976224757730961
4.483333110809326       6.317322731018066       0.0       30.903974533081055       0.0       6.965162754058838       0.0028846487402915955
4.5       8.20213508605957       0.0       29.09501838684082       0.0       5.821259021759033       0.0027958902064710855
4.516666889190674       10.192351341247559       0.0       38.40937805175781       0.0       2.9962942600250244       0.0027098627761006355
4.5333333015441895       12.415764808654785       0.0       42.31684494018555       0.0       -0.9556821584701538       0.0026264823973178864
4.550000190734863       8.540918350219727       0.0       40.604705810546875       0.0       2.0579545497894287       0.002545667579397559
4.566666603088379       8.4678955078125       0.0       45.060062408447266       0.0       3.4273579120635986       0.0024673393927514553
4.583333492279053       9.603833198547363       0.0       44.1933479309082       0.0       0.2751196622848511       0.0023914212360978127
4.599999904632568       9.771275520324707       0.0       56.741397857666016       0.0       1.0367274284362793       0.0023178390692919493
4.616666793823242       8.94803237915039       0.0       71.54606628417969       0.0       3.305800676345825       0.002246520947664976
4.633333206176758       8.291152000427246       0.0       75.58796691894531       0.0       3.843078374862671       0.0021773972548544407
4.650000095367432       10.00356388092041       0.0       80.48123931884766       0.0       0.3788802921772003       0.0021104004699736834
4.666666507720947       9.361873626708984       0.0       82.63426971435547       0.0       0.897561252117157       0.0020454649347811937
4.683333396911621       10.34721565246582       0.0       85.35658264160156       0.0       -1.921830415725708       0.0019825275521725416
4.699999809265137       10.66604232788086       0.0       85.44654083251953       0.0       -3.348845958709717       0.0019215267384424806
4.7166666984558105       12.680776596069336       0.0       89.30696868896484       0.0       -7.348502159118652       0.0018624028889462352
4.733333110809326       11.567492485046387       0.0       90.84711456298828       0.0       -4.813623428344727       0.0018050981452688575
4.75       13.776673316955566       0.0       90.28671264648438       0.0       -12.123661994934082       0.0017495566280558705
4.766666889190674       11.331915855407715       0.0       94.68367004394531       0.0       -4.680914402008057       0.0016957242041826248
4.7833333015441895       13.178939819335938       0.0       94.8494644165039       0.0       -10.769729614257812       0.001643548021093011
4.800000190734863       14.691841125488281       0.0       98.5869140625       0.0       -15.149526596069336       0.0015929773217067122
4.816666603088379       14.084747314453125       0.0       97.46958923339844       0.0       -14.272493362426758       0.0015439626295119524
4.833333492279053       15.770855903625488       0.0       94.78335571289062       0.0       -18.278940200805664       0.0014964560978114605
4.849999904632568       16.46282958984375       0.0       96.38858795166016       0.0       -20.364885330200195       -0.005835239309817553
4.866666793823242       18.21258544921875       0.0       94.61509704589844       0.0       -23.43567657470703       -0.014203401282429695
4.883333206176758       16.395736694335938       0.0       95.63374328613281       0.0       -20.278701782226562       -0.02259005233645439
4.900000095367432       12.93490219116211       0.0       77.94062805175781       0.0       -9.53476619720459       -0.021894972771406174
4.916666507720947       13.902326583862305       0.0       72.55943298339844       0.0       -12.368667602539062       -0.021221281960606575
4.933333396911621       14.949068069458008       0.0       44.79021072387695       0.0       -15.328926086425781       -0.02056831866502762
4.949999809265137       10.54554557800293       0.0       35.677978515625       0.0       -4.819835186004639       -0.019935447722673416
4.9666666984558105       8.197977066040039       0.0       25.824308395385742       0.0       -6.510584354400635       -0.019322048872709274
4.983333110809326       4.86101770401001       0.0       12.267975807189941       0.0       1.654252290725708       -0.01872752420604229
5.0       4.34605073928833       0.0       14.449020385742188       0.0       2.7725985050201416       -0.018151292577385902
5.016666889190674       3.1057865619659424       0.0       11.814023971557617       0.0       1.264032006263733       -0.017592791467905045
5.0333333015441895       4.373979091644287       0.0       10.178143501281738       0.0       -5.319337368011475       -0.01705147512257099
5.050000190734863       2.922292709350586       0.0       10.297661781311035       0.0       -3.214614152908325       -0.01652681455016136
5.066666603088379       0.2463427484035492       0.0       5.218506336212158       0.0       0.12058764696121216       -0.016018297523260117
5.083333492279053       -2.9594030380249023       0.0       6.267025470733643       0.0       5.891922950744629       -0.015525426715612411
5.099999904632568       -0.43909451365470886       0.0       4.462761878967285       0.0       -1.1131285429000854       -0.015047721564769745
5.116666793823242       -0.43909451365470886       0.0       4.462761878967285       0.0       -1.1131285429000854       -0.01458471454679966
5.133333206176758       5.407031059265137       0.0       2.569581985473633       0.0       -11.608240127563477       -0.014135953970253468
5.150000095367432       0.5405619144439697       0.0       0.527815580368042       0.0       1.2502690553665161       -0.013701001182198524
5.166666507720947       -1.8688408136367798       0.0       -2.147521495819092       0.0       6.959094524383545       -0.01327943243086338
5.183333396911621       -2.85477614402771       0.0       -0.03404732421040535       0.0       9.181235313415527       -0.012870834209024906
5.199999809265137       -3.5409297943115234       0.0       -2.4854745864868164       0.0       11.750505447387695       -0.01247480884194374
5.2166666984558105       0.040959667414426804       0.0       -2.1060497760772705       0.0       -0.009199989959597588       -0.01209096796810627
5.233333110809326       0.7459835410118103       0.0       2.3866183757781982       0.0       -1.4858031272888184       -0.011718938127160072
5.25       1.3276275396347046       0.0       7.790149688720703       0.0       -2.234937906265259       -0.011358356103301048
5.266666889190674       0.57984459400177       0.0       6.403836727142334       0.0       0.09891147166490555       -0.011008867993950844
5.2833333015441895       3.289989709854126       0.0       5.877895355224609       0.0       -7.51662015914917       -0.010670133866369724
5.300000190734863       2.1839773654937744       0.0       12.110461235046387       0.0       -5.235354423522949       -0.010341822169721127
5.316666603088379       -0.0284177977591753       0.0       10.944422721862793       0.0       1.852486252784729       -0.010023611597716808
5.333333492279053       1.7661070823669434       0.0       16.026683807373047       0.0       -4.041877746582031       -0.009715192951261997
5.349999904632568       -0.7059785723686218       0.0       21.311338424682617       0.0       3.003602981567383       -0.009416263550519943
5.366666793823242       -0.1708013117313385       0.0       23.638999938964844       0.0       1.3170647621154785       -0.009126532822847366
5.383333206176758       -1.0908598899841309       0.0       23.003170013427734       0.0       3.728563070297241       -0.008845716714859009
5.400000095367432       -0.03029685840010643       0.0       22.959609985351562       0.0       2.674534320831299       -0.008573540486395359
5.416666507720947       -0.07978840917348862       0.0       24.228071212768555       0.0       1.1345515251159668       -0.008309739641845226
5.433333396911621       -0.6896936297416687       0.0       26.811803817749023       0.0       3.139089822769165       -0.008054055273532867
5.449999809265137       0.07006071507930756       0.0       28.596712112426758       0.0       1.508538842201233       -0.0078062377870082855
5.4666666984558105       -0.16708506643772125       0.0       29.336490631103516       0.0       1.4445909261703491       -0.007566045969724655
5.483333110809326       1.3925012350082397       0.0       27.730239868164062       0.0       -2.4323370456695557       -0.007333244662731886
5.5       1.156761884689331       0.0       25.882003784179688       0.0       -1.4972363710403442       -0.007107606157660484
5.516666889190674       -0.5957050919532776       0.0       28.481796264648438       0.0       2.3018620014190674       -0.006888910662382841
5.5333333015441895       -0.8787051439285278       0.0       34.25333786010742       0.0       4.1321492195129395       -0.006676943972706795
5.550000190734863       -0.7440434694290161       0.0       35.380428314208984       0.0       4.094480514526367       -0.006471499800682068
5.566666603088379       -0.3548681437969208       0.0       33.494163513183594       0.0       2.8240697383880615       -0.006272376514971256
5.583333492279053       1.2069215774536133       0.0       34.08159637451172       0.0       -1.9512368440628052       -0.00607938040047884
5.599999904632568       0.33652836084365845       0.0       36.59858703613281       0.0       0.43195605278015137       -0.005892322398722172
5.616666793823242       1.1388647556304932       0.0       37.82881546020508       0.0       -2.241478681564331       -0.005711020436137915
5.633333206176758       1.4186373949050903       0.0       42.9669189453125       0.0       -1.2566946744918823       -0.005535296630114317
5.650000095367432       1.277605652809143       0.0       47.131996154785156       0.0       -2.057279348373413       -0.005364980082958937
5.666666507720947       1.4642833471298218       0.0       47.56077194213867       0.0       -2.6329410076141357       -0.00519990362226963
5.683333396911621       1.8742260932922363       0.0       44.815372467041016       0.0       -4.119278907775879       -0.005039906594902277
5.699999809265137       1.7003899812698364       0.0       47.442562103271484       0.0       -2.559814214706421       -0.004884832538664341
5.7166666984558105       2.0102005004882812       0.0       47.52484130859375       0.0       -3.9613730907440186       -0.004734530113637447
5.733333110809326       1.8285653591156006       0.0       47.955230712890625       0.0       -3.9910213947296143       -0.004588852170854807
5.75       2.9847776889801025       0.0       51.821556091308594       0.0       -6.522827625274658       -0.004447656683623791
5.766666889190674       3.8148281574249268       0.0       54.0675163269043       0.0       -6.86285924911499       -0.004310805816203356
5.7833333015441895       3.8387980461120605       0.0       54.504608154296875       0.0       -6.027129173278809       -0.004178165458142757
5.800000190734863       3.354968547821045       0.0       58.559837341308594       0.0       -3.1158111095428467       -0.004049606621265411
5.816666603088379       3.1550819873809814       0.0       62.25410079956055       0.0       -0.571159303188324       -0.003925003111362457
5.833333492279053       3.7754931449890137       0.0       62.21442413330078       0.0       -0.4803171157836914       -0.003804233856499195
5.849999904632568       3.708345651626587       0.0       61.983665466308594       0.0       1.4721219539642334       -0.0036871805787086487
5.866666793823242       4.639840126037598       0.0       60.57344436645508       0.0       -0.006461922079324722       -0.003573728958144784
5.883333206176758       6.1489787101745605       0.0       58.00362777709961       0.0       -2.7490296363830566       -0.003463767934590578
5.900000095367432       5.059470176696777       0.0       60.119327545166016       0.0       0.3101734220981598       -0.003357190638780594
5.916666507720947       4.122806549072266       0.0       58.69048309326172       0.0       0.13333387672901154       -0.003253892296925187
5.933333396911621       0.5958732962608337       0.0       62.36962890625       0.0       4.6069231033325195       -0.003153772559016943
5.949999809265137       3.7766425609588623       0.0       62.84706115722656       0.0       -2.6484885215759277       -0.003056733403354883
5.9666666984558105       3.835719585418701       0.0       64.616455078125       0.0       -2.1861562728881836       -0.0029626800678670406
5.983333110809326       4.163156509399414       0.0       57.82923889160156       0.0       -2.9287571907043457       -0.0028715208172798157
6.0       3.163396120071411       0.0       65.26931762695312       0.0       0.1288451850414276       -0.0027831662446260452
6.016666889190674       6.558669567108154       0.0       57.566646575927734       0.0       -10.668254852294922       -0.002697530435398221
6.0333333015441895       6.473787784576416       0.0       55.1987419128418       0.0       -10.048314094543457       -0.002614529337733984
6.050000190734863       6.379757404327393       0.0       58.1161003112793       0.0       -10.119141578674316       -0.00253408239223063
6.066666603088379       6.558552265167236       0.0       61.164459228515625       0.0       -11.309096336364746       -0.00245611066929996
6.083333492279053       7.257561206817627       0.0       49.070709228515625       0.0       -14.303091049194336       -0.007276887074112892
6.099999904632568       6.46823263168335       0.0       41.0406608581543       0.0       -12.256064414978027       -0.012242492288351059
6.116666793823242       3.4667062759399414       0.0       36.50988006591797       0.0       -4.901073932647705       -0.011865800246596336
6.133333206176758       3.976400136947632       0.0       28.67559242248535       0.0       -7.895798683166504       -0.011500698514282703
6.150000095367432       2.7202229499816895       0.0       20.378942489624023       0.0       -4.1137919425964355       -0.011146831326186657
6.166666507720947       3.9522652626037598       0.0       5.882346153259277       0.0       -9.386171340942383       -0.010803851298987865
6.183333396911621       4.330708980560303       0.0       3.595092535018921       0.0       -11.761446952819824       -0.010471425019204617
6.199999809265137       3.9226460456848145       0.0       -0.834265410900116       0.0       -10.085282325744629       -0.01014922745525837
6.2166666984558105       0.9631478786468506       0.0       -3.4897541999816895       0.0       -3.411093235015869       -0.009836943820118904
6.233333110809326       -2.072751522064209       0.0       -6.443027496337891       0.0       4.108805179595947       -0.009534268639981747
6.25       -4.282681465148926       0.0       -5.222854137420654       0.0       9.198470115661621       -0.009240906685590744
6.266666889190674       -2.891986608505249       0.0       -9.603086471557617       0.0       5.895578384399414       -0.008956571109592915
6.2833333015441895       -0.6796373724937439       0.0       -15.578553199768066       0.0       0.7135648727416992       -0.008680984377861023
6.300000190734863       3.511371374130249       0.0       -14.625785827636719       0.0       -5.550919532775879       -0.00841387640684843
6.316666603088379       2.2387568950653076       0.0       -13.537285804748535       0.0       -4.135601997375488       -0.008154988288879395
6.333333492279053       4.294493675231934       0.0       -16.546628952026367       0.0       -9.093292236328125       -0.007904065772891045
6.349999904632568       5.1559157371521       0.0       -20.069265365600586       0.0       -11.868725776672363       -0.00766086345538497
6.366666793823242       2.4742000102996826       0.0       -26.543184280395508       0.0       -3.336357831954956       -0.0074251447804272175
6.383333206176758       -2.347076654434204       0.0       -33.60107421875       0.0       11.44881534576416       -0.007196678780019283
6.400000095367432       3.841156482696533       0.0       -28.355667114257812       0.0       -8.722098350524902       -0.006975242402404547
6.416666507720947       -4.374861717224121       0.0       -40.48560333251953       0.0       17.33586311340332       -0.006760619580745697
6.433333396911621       -4.374861717224121       0.0       -40.48560333251953       0.0       17.33586311340332       -0.006552600301802158
6.449999809265137       -1.9538501501083374       0.0       -50.47124099731445       0.0       14.314970016479492       -0.006350982002913952
6.4666666984558105       -3.4088387489318848       0.0       -54.334083557128906       0.0       17.677364349365234       -0.006155567243695259
6.483333110809326       -5.850822925567627       0.0       -69.5051498413086       0.0       28.145971298217773       0.0022726317401975393
6.5       -3.384351968765259       0.0       -73.4632797241211       0.0       22.5573787689209       0.011569622904062271
6.516666889190674       1.2203871011734009       0.0       -70.86035919189453       0.0       11.647923469543457       0.01975294202566147
6.5333333015441895       5.163008213043213       0.0       -87.03057861328125       0.0       2.5607125759124756       0.019145159050822258
6.550000190734863       8.0206937789917       0.0       -91.53533935546875       0.0       -4.332940578460693       0.018556077033281326
6.566666603088379       1.8071609735488892       0.0       -85.21807098388672       0.0       13.946292877197266       0.01798512041568756
6.583333492279053       -1.651442527770996       0.0       -85.83857727050781       0.0       20.421188354492188       0.017431732267141342
6.599999904632568       2.5120022296905518       0.0       -89.7599868774414       0.0       6.709630966186523       0.016895372420549393
6.616666793823242       -0.33409520983695984       0.0       -87.4110336303711       0.0       13.872879028320312       0.01637551374733448
6.633333206176758       2.3731987476348877       0.0       -92.64464569091797       0.0       6.967334270477295       0.015871651470661163
6.650000095367432       -1.2186319828033447       0.0       -95.42902374267578       0.0       14.693117141723633       0.015383293852210045
6.666666507720947       -2.3710732460021973       0.0       -93.2762222290039       0.0       19.47064208984375       0.014909961260855198
6.683333396911621       -0.20424441993236542       0.0       -96.45319366455078       0.0       12.321626663208008       0.014451193623244762
6.699999809265137       -4.12704610824585       0.0       -95.98455810546875       0.0       21.425493240356445       0.014006541110575199
6.7166666984558105       -3.2857182025909424       0.0       -99.16556549072266       0.0       19.934566497802734       0.02092866785824299
6.733333110809326       -0.9051470756530762       0.0       -99.63123321533203       0.0       13.778164863586426       0.027837684378027916
6.75       -2.903533458709717       0.0       -97.48451232910156       0.0       16.86713409423828       0.033910300582647324
6.766666889190674       -2.571044921875       0.0       -87.39783477783203       0.0       16.92784881591797       0.039384625852108
6.7833333015441895       3.4597887992858887       0.0       -96.34827423095703       0.0       0.7624642252922058       0.03817279264330864
6.800000190734863       2.156134843826294       0.0       -109.7581558227539       0.0       3.872772693634033       0.036998242139816284
6.816666603088379       2.4822301864624023       0.0       -108.22947692871094       0.0       3.2364704608917236       0.035859834402799606
6.833333492279053       0.5366047024726868       0.0       -100.06460571289062       0.0       8.526826858520508       0.034756455570459366
6.849999904632568       -0.022813210263848305       0.0       -101.90729522705078       0.0       11.789616584777832       0.03368702530860901
6.866666793823242       1.7537155151367188       0.0       -102.92268371582031       -0.015384615398943424       5.99029541015625       0.032650504261255264
6.883333206176758       5.091032028198242       0.0       -101.0570297241211       -0.030295858159661293       -2.7295303344726562       0.031645871698856354
6.900000095367432       20.21625328063965       0.0       -103.23701477050781       -0.04474829137325287       -54.865478515625       0.03067215345799923
6.916666507720947       8.297748565673828       0.0       -98.15272521972656       -0.043371424078941345       -17.854244232177734       0.029728394001722336
6.933333396911621       -6.463913440704346       0.0       -67.69977569580078       -0.04203691706061363       32.777984619140625       0.028813675045967102
6.949999809265137       32.732879638671875       0.0       -212.37869262695312       -0.040743473917245865       -96.74349212646484       0.027927100658416748
6.9666666984558105       -2.2745814323425293       0.0       -136.8337860107422       -0.039489828050136566       17.14072036743164       0.02706780470907688
6.983333110809326       8.400934219360352       0.0       -112.72474670410156       -0.03827475756406784       -15.301828384399414       0.026234949007630348
7.0       4.160581588745117       0.0       -109.56768798828125       -0.03709707036614418       -6.91603946685791       0.025427719578146935
7.016666889190674       0.6928955912590027       0.0       -112.84902954101562       -0.05134023725986481       14.47873306274414       0.024645328521728516
7.0333333015441895       -19.19851303100586       0.0       -49.69705581665039       -0.04976053908467293       34.5607795715332       0.023887010291218758
7.050000190734863       -3.4433987140655518       0.0       -101.70956420898438       -0.04822944477200508       9.069380760192871       0.023152025416493416
7.066666603088379       11.119647026062012       0.0       -99.34285736083984       -0.04674546420574188       3.3972129821777344       0.022439656779170036
7.083333492279053       10.354435920715332       0.0       -57.54423904418945       -0.04530714079737663       16.801990509033203       0.021749205887317657
7.099999904632568       7.380217552185059       0.0       -93.7439193725586       -0.04391307383775711       -11.304476737976074       0.021079998463392258
7.116666793823242       8.327402114868164       0.0       -98.76718139648438       -0.04256190359592438       -6.712497711181641       0.020431382581591606
7.133333206176758       7.145844459533691       0.0       -94.17558288574219       -0.04125230759382248       -3.267888307571411       0.019802724942564964
7.150000095367432       7.0566534996032715       0.0       -74.2673568725586       -0.039983004331588745       -6.465123653411865       0.019193410873413086
7.166666507720947       10.800091743469238       0.0       -86.39788055419922       -0.038752757012844086       -15.622784614562988       0.018602844327688217
7.183333396911621       10.774256706237793       0.0       -85.13871002197266       -0.037560366094112396       -15.263031959533691       0.018030449748039246
7.199999809265137       11.152748107910156       0.0       -89.39183807373047       -0.03640466183423996       -17.907838821411133       0.017475666478276253
7.2166666984558105       5.565540790557861       0.0       -78.2059555053711       -0.03528451919555664       -2.8758513927459717       0.016937952488660812
7.233333110809326       6.514679431915283       0.0       -66.70441436767578       -0.03419884294271469       -4.085878372192383       0.01641678623855114
7.25       8.71788501739502       0.0       -67.23411560058594       -0.03314656764268875       -11.340144157409668       0.015911653637886047
7.266666889190674       6.027914047241211       0.0       -54.438968658447266       -0.03212667629122734       -3.7287395000457764       0.015422063879668713
7.2833333015441895       9.920207977294922       0.0       -66.79219055175781       -0.031138161197304726       -13.79099178314209       0.014947539195418358
7.300000190734863       5.264026641845703       0.0       -59.16404724121094       -0.0301800649613142       -3.824922800064087       0.01448761485517025
7.316666603088379       0.7782386541366577       0.0       -47.60803985595703       -0.029251446947455406       10.979691505432129       0.014041841961443424
7.333333492279053       -0.518936038017273       0.0       -38.78010940551758       -0.028351401910185814       13.984360694885254       0.013609785586595535
7.349999904632568       -2.4245526790618896       0.0       -34.81312942504883       -0.027479052543640137       21.599567413330078       0.013191022910177708
7.366666793823242       -2.356626033782959       0.0       -37.027976989746094       -0.02663354203104973       19.28534507751465       0.012785145081579685
7.383333206176758       8.420923233032227       0.0       -27.37640380859375       -0.025814048945903778       -12.193595886230469       0.012391756288707256
7.400000095367432       -1.113136649131775       0.0       -32.55165481567383       -0.025019770488142967       17.403528213500977       0.01201047096401453
7.416666507720947       0.06563303619623184       0.0       -34.40835952758789       -0.024249931797385216       12.809820175170898       0.01164091844111681
7.433333396911621       7.720791816711426       0.0       -22.179710388183594       -0.023503780364990234       -11.170742988586426       0.01128273643553257
7.449999809265137       -4.706727027893066       0.0       -20.254409790039062       -0.022780586034059525       26.455785751342773       0.010935574769973755
7.4666666984558105       1.3124855756759644       0.0       -19.17512321472168       -0.022079644724726677       7.550629615783691       0.010599096305668354
7.483333110809326       7.10251522064209       0.0       -12.69022274017334       -0.021400270983576775       -9.026382446289062       0.010272969491779804
7.5       -1.9014866352081299       0.0       -22.447853088378906       -0.02074180170893669       18.397357940673828       0.00995687860995531
7.516666889190674       4.2987236976623535       0.0       -11.072429656982422       -0.020103592425584793       -0.49380913376808167       0.009650512598454952
7.5333333015441895       2.6887154579162598       0.0       -1.2279902696609497       -0.019485021010041237       3.526177406311035       0.009353574365377426
7.550000190734863       0.6928660869598389       0.0       -5.968562126159668       -0.018885482102632523       11.100198745727539       0.009065771475434303
7.566666603088379       1.33756422996521       0.0       -8.208762168884277       -0.018304388970136642       9.218852043151855       0.008786825463175774
7.583333492279053       11.193294525146484       0.0       -4.6442461013793945       -0.01774117723107338       -20.49637794494629       0.008516461588442326
7.599999904632568       1.4354403018951416       0.0       -3.077740430831909       -0.01719529554247856       9.363826751708984       0.008254416286945343
7.616666793823242       4.23470401763916       0.0       -0.5917760729789734       -0.01666620932519436       0.5124004483222961       0.008000434376299381
7.633333206176758       6.34155797958374       0.0       4.963610649108887       -0.016153402626514435       -5.200739860534668       0.007754267193377018
7.650000095367432       5.849715232849121       0.0       -1.1766021251678467       -0.015656374394893646       -2.5081288814544678       0.007515673991292715
7.666666507720947       6.1102294921875       0.0       1.0003786087036133       -0.015174640342593193       -3.5713746547698975       0.007284422405064106
7.683333396911621       8.41335678100586       0.0       -4.048022270202637       -0.014707728289067745       -8.691455841064453       0.0070602865889668465
7.699999809265137       8.905195236206055       0.0       -7.0881667137146       -0.014255182817578316       -10.48982048034668       0.006843046750873327
7.7166666984558105       9.615560531616211       0.0       -6.948493003845215       -0.013816561549901962       -10.642915725708008       0.006632491480559111
7.733333110809326       9.294550895690918       0.0       -9.159833908081055       -0.013391437008976936       -10.243667602539062       0.006428414955735207
7.75       9.299121856689453       0.0       -10.62519359588623       -0.012979392893612385       -10.115920066833496       0.00623061740770936
7.766666889190674       9.16732406616211       0.0       -10.46284008026123       -0.012580026872456074       -10.478184700012207       0.0018586664227768779
7.7833333015441895       9.77877140045166       0.0       -11.702499389648438       -0.01219294872134924       -11.77928352355957       -0.0025870639365166426
7.800000190734863       9.972559928894043       0.0       -12.783364295959473       -0.011817781254649162       -11.803838729858398       -0.007124647498130798
7.816666603088379       10.928597450256348       0.0       -15.278962135314941       -0.011454157531261444       -13.498335838317871       -0.011932230554521084
7.833333492279053       11.652780532836914       0.0       -15.65902042388916       -0.011101721785962582       -16.151580810546875       -0.017184508964419365
7.849999904632568       11.135285377502441       0.0       -16.36882781982422       -0.010760130360722542       -13.996258735656738       -0.022572608664631844
7.866666793823242       11.393241882324219       0.0       -14.37337875366211       -0.010429048910737038       -13.135598182678223       -0.02774561010301113
7.883333206176758       12.812135696411133       0.0       -15.46818733215332       -0.010108155198395252       -15.334869384765625       -0.03264880180358887
7.900000095367432       11.9735107421875       0.0       -16.586633682250977       -0.00979713536798954       -12.615227699279785       -0.037213828414678574
7.916666507720947       13.221270561218262       0.0       -17.484966278076172       -0.009495684877038002       -13.565469741821289       -0.04169677570462227
7.933333396911621       13.235420227050781       0.0       -15.97291374206543       -0.009203510358929634       -11.545103073120117       -0.04552803933620453
7.949999809265137       15.09259033203125       0.0       -17.281280517578125       -0.008920324966311455       -13.220361709594727       -0.04932337626814842
7.9666666984558105       15.45643138885498       0.0       -17.599096298217773       -0.008645853959023952       -13.388419151306152       -0.05297794193029404
7.983333110809326       15.30212116241455       0.0       -16.015804290771484       -0.008379827253520489       -10.725105285644531       -0.056408997625112534
8.0       16.359716415405273       0.0       -17.425283432006836       -0.008121986873447895       -11.999374389648438       -0.059568844735622406
8.016666412353516       16.798484802246094       0.0       -16.382614135742188       -0.007872079499065876       -11.15015697479248       -0.06232813000679016
8.033333778381348       13.677777290344238       0.0       -16.34943199157715       -0.00762986158952117       -10.323354721069336       -0.06494784355163574
8.050000190734863       13.627751350402832       0.0       -15.222240447998047       -0.007395096588879824       -9.989535331726074       -0.06294944882392883
8.066666603088379       13.354365348815918       0.0       -16.472444534301758       -0.007167554926127195       -9.71078872680664       -0.06101254001259804
8.083333015441895       14.22732162475586       0.0       -17.800434112548828       -0.006947014946490526       -9.73934555053711       -0.059135232120752335
8.100000381469727       13.526694297790527       0.0       -15.16707706451416       -0.006733260583132505       -9.206594467163086       -0.05731568485498428
8.116666793823242       13.284403800964355       0.0       -14.335481643676758       -0.006526083219796419       -8.575840950012207       -0.055552124977111816
8.133333206176758       13.807517051696777       0.0       -16.94700050354004       -0.006325280759483576       -10.268570899963379       -0.053842831403017044
8.149999618530273       14.006003379821777       0.0       -16.73122215270996       -0.006130656693130732       -10.455629348754883       -0.05218612775206566
8.166666984558105       14.436151504516602       0.0       -17.390840530395508       -0.005942021030932665       -11.184921264648438       -0.050580400973558426
8.183333396911621       13.646162033081055       0.0       -16.55500602722168       -0.005759189836680889       -8.987649917602539       -0.049024082720279694
8.199999809265137       13.392842292785645       0.0       -16.899396896362305       -0.005581983830779791       -10.019641876220703       -0.04751564934849739
8.216666221618652       14.315926551818848       0.0       -16.810258865356445       -0.005410230718553066       -11.905853271484375       -0.046053629368543625
8.233333587646484       13.425168991088867       0.0       -17.032148361206055       -0.00524376193061471       -10.216485023498535       -0.04463659226894379
8.25       12.783705711364746       0.0       -16.343120574951172       -0.005082415416836739       -10.658185958862305       -0.043263159692287445
8.266666412353516       11.832149505615234       0.0       -15.484296798706055       -0.004926033318042755       -8.675135612487793       -0.041931986808776855
8.283333778381348       11.490058898925781       0.0       -15.952853202819824       -0.0047744628973305225       -10.04300308227539       -0.040641769766807556
8.300000190734863       10.746172904968262       0.0       -15.011733055114746       -0.004627556540071964       -9.261284828186035       -0.039391253143548965
8.316666603088379       9.75955581665039       0.0       -15.73184871673584       -0.004485170356929302       -9.058319091796875       -0.03817921504378319
8.333333015441895       9.60578441619873       0.0       -15.873973846435547       -0.004347165115177631       -9.726086616516113       -0.03700447082519531
8.350000381469727       9.355657577514648       0.0       -16.2419376373291       -0.0042134057730436325       -10.606244087219238       -0.03586587309837341
8.366666793823242       8.205917358398438       0.0       -16.597244262695312       -0.004083762876689434       -10.669946670532227       -0.03476230800151825
8.383333206176758       6.476715087890625       0.0       -14.907330513000488       -0.003958108369261026       -8.254287719726562       -0.03369269520044327
8.399999618530273       6.332488536834717       0.0       -15.129714965820312       -0.0038363204803317785       -9.895918846130371       -0.032655999064445496
8.416666984558105       5.617888450622559       0.0       -16.432538986206055       -0.0037182800006121397       -9.716445922851562       -0.031651198863983154
8.433333396911621       4.268486976623535       0.0       -16.486860275268555       -0.003603871213272214       -9.333048820495605       -0.03067731484770775
8.449999809265137       4.337272644042969       0.0       -16.464630126953125       -0.0034929830580949783       -10.023604393005371       -0.02973339892923832
8.466666221618652       3.3649585247039795       0.0       -14.600584030151367       -0.003385506570339203       -9.94863510131836       -0.02881852351129055
8.483333587646484       1.946305751800537       0.0       -15.913603782653809       -0.003281337209045887       -10.298757553100586       -0.027931800112128258
8.5       4.4101128578186035       0.0       -16.520477294921875       -0.0031803729943931103       -10.268083572387695       -0.0270723607391119
8.516666412353516       5.088184356689453       0.0       -17.062089920043945       -0.0030825152061879635       -9.706132888793945       -0.026239365339279175
8.533333778381348       5.481638431549072       0.0       -16.408647537231445       -0.002987668616697192       -10.200215339660645       -0.025431999936699867
8.550000190734863       5.975940704345703       0.0       -16.485855102539062       -0.0028957403264939785       -12.739312171936035       -0.024649476632475853
8.566666603088379       4.977066516876221       0.0       -15.253772735595703       -0.0028066406957805157       -9.744906425476074       -0.023891031742095947
8.583333015441895       5.25584602355957       0.0       -15.751355171203613       -0.0027202824130654335       -10.558469772338867       -0.023155922070145607
8.600000381469727       5.863287925720215       0.0       -16.344148635864258       -0.002636581426486373       -11.530813217163086       -0.022443432360887527
8.616666793823242       5.470262050628662       0.0       -16.211544036865234       -0.0025554560124874115       -11.39480972290039       -0.021752865985035896
8.633333206176758       6.160356521606445       0.0       -15.866124153137207       -0.0024768265429884195       -12.745051383972168       -0.021083546802401543
8.649999618530273       5.521710395812988       0.0       -16.03061294555664       -0.002400616416707635       -10.071170806884766       -0.02507219836115837
8.666666984558105       4.444911003112793       0.0       -15.488006591796875       -0.002326751360669732       -7.983408451080322       -0.024300744757056236
8.683333396911621       5.4309306144714355       0.0       -16.861995697021484       -0.0022551589645445347       -10.022770881652832       -0.02355303056538105
8.699999809265137       5.270491123199463       0.0       -15.25092601776123       -0.0021857693791389465       -8.801936149597168       -0.022828321903944016
8.716666221618652       5.667044639587402       0.0       -17.16537094116211       -0.002118515083566308       -10.94344711303711       -0.022125910967588425
8.733333587646484       6.043517112731934       0.0       -16.30434226989746       -0.0020533299539238214       -11.417054176330566       -0.02144511416554451
8.75       5.76478385925293       0.0       -15.821990966796875       -0.001990150660276413       -10.527539253234863       -0.020785264670848846
8.766666412353516       5.656373500823975       0.0       -16.939531326293945       -0.0019289151532575488       -10.117514610290527       -0.0201457180082798
8.783333778381348       -0.20672810077667236       0.0       0.6453609466552734       -0.0018695639446377754       1.137050747871399       -0.01952585019171238
8.800000190734863       0.6574686765670776       0.0       -0.04805119335651398       -0.0018120389431715012       -0.4563453197479248       -0.018925053998827934
8.816666603088379       0.9712822437286377       0.0       -0.20712697505950928       -0.0017562838038429618       1.3891712427139282       -0.018342744559049606
8.833333015441895       1.7724833488464355       0.0       1.9434888362884521       -0.0017022443935275078       1.7618999481201172       -0.01777835376560688
8.850000381469727       2.93501877784729       0.0       1.8233882188796997       -0.001649867626838386       0.12114057689905167       -0.017231326550245285
8.866666793823242       -0.07229781895875931       0.0       -0.853286862373352       -0.0015991023974493146       0.7386671304702759       -0.01670113205909729
8.883333206176758       0.1552453339099884       0.0       -0.8645051121711731       -0.0015498993452638388       1.9630173444747925       -0.01618725061416626
8.899999618530273       0.0       0.0       0.0       -0.0015022100415080786       0.0       -0.01568918116390705
8.916666984558105       2.1289069652557373       0.0       -1.820760726928711       -0.0014559882692992687       -1.9396346807479858       -0.015206437557935715
8.933333396911621       2.5864973068237305       0.0       -1.142707109451294       -0.0014111886266618967       -0.4880388677120209       -0.01473854761570692
8.949999809265137       2.168917417526245       0.0       -1.491889476776123       -0.0013677674578502774       -0.4960922598838806       -0.014285054057836533
8.966666221618652       2.168917417526245       0.0       -1.491889476776123       -0.001325682271271944       -0.4960922598838806       -0.013845513574779034
8.983333587646484       0.0       0.0       0.0       -0.0012848920887336135       0.0       -0.0134194977581501
9.0       0.10092868655920029       0.0       -0.371619313955307       -0.0012453568633645773       0.20298728346824646       -0.01300659030675888
9.016666412353516       0.0       0.0       0.0       -0.0012070381781086326       0.0       -0.01260638702660799
9.033333778381348       0.025470217689871788       0.0       -0.3224831223487854       -0.001169898547232151       0.65272456407547       -0.01221849862486124
9.050000190734863       -0.059165578335523605       0.0       0.9416062235832214       -0.0011339016491547227       0.5699119567871094       -0.011842545121908188
9.066666603088379       -1.0038321018218994       0.0       0.40100741386413574       -0.0010990124428644776       2.095268964767456       -0.01147815864533186
9.083333015441895       -0.6767441034317017       0.0       -0.8950937986373901       -0.0010651967022567987       1.6508132219314575       -0.011124984361231327
9.100000381469727       -0.694307267665863       0.0       -0.005127683747559786       -0.0010324213653802872       0.6203889846801758       -0.010782677680253983
9.116666793823242       -0.3155776262283325       0.0       -0.13773684203624725       -0.0010006545344367623       0.21564853191375732       -0.01045090239495039
9.133333206176758       -0.36238017678260803       0.0       0.25268349051475525       -0.0009698651847429574       1.2899624109268188       -0.010129336267709732
9.149999618530273       -0.3247661292552948       0.0       -0.8147224187850952       -0.0009400231647305191       -0.49816185235977173       -0.009817664511501789
9.166666984558105       0.42659491300582886       0.0       -0.39557498693466187       -0.0009110993705689907       -0.7345067858695984       -0.009515582583844662
9.183333396911621       -0.03378693014383316       0.0       1.048448920249939       -0.0008830655715428293       0.03568851202726364       -0.009222795255482197
9.199999809265137       0.5925229787826538       0.0       -1.7942538261413574       -0.0008558942936360836       -1.2580161094665527       -0.008939017541706562
9.216666221618652       -0.5605560541152954       0.0       -0.15336568653583527       -0.000829559110570699       0.29450345039367676       -0.008663970045745373
9.233333587646484       -0.2197507917881012       0.0       -1.1954721212387085       -0.0008040342363528907       -0.5635858774185181       -0.008397386409342289
9.25       -0.663128137588501       0.0       -0.2742188572883606       -0.000779294699896127       1.108925461769104       -0.008139005862176418
9.266666412353516       -0.4375080168247223       0.0       0.3055434823036194       -0.0007553164032287896       0.7179698944091797       -0.007888575084507465
9.283333778381348       -0.06527269631624222       0.0       -0.7146964073181152       -0.0007320758886635303       -0.42060837149620056       -0.007645849138498306
9.300000190734863       -0.2281215488910675       0.0       0.8724966645240784       -0.0007095504552125931       0.5435475707054138       -0.007410592399537563
9.316666603088379       -0.4586472511291504       0.0       0.0588378943502903       -0.0006877181585878134       1.4639009237289429       -0.007182573899626732
9.333333015441895       0.11505243182182312       0.0       -0.8153476715087891       -0.0006665575783699751       -0.7070944905281067       -0.0069615719839930534
9.350000381469727       -0.8378428816795349       0.0       1.4805434942245483       -0.0006460481090471148       1.7091962099075317       -0.006747369654476643
9.366666793823242       -0.0561804361641407       0.0       -0.4484848976135254       -0.0006261697271838784       0.3813437521457672       -0.0065397582948207855
9.383333206176758       -0.3476872742176056       0.0       0.6694060564041138       -0.0006069029914215207       -0.08857326954603195       -0.006338534876704216
9.399999618530273       -1.0134460926055908       0.0       1.1579643487930298       -0.0005882290424779058       2.8367295265197754       -0.00614350289106369
9.416666984558105       -0.14193204045295715       0.0       -1.4027951955795288       -0.0005701296613551676       0.09319886565208435       -0.0059544723480939865
9.433333396911621       -0.18315161764621735       0.0       0.8648347854614258       -0.0005525872111320496       0.6833643317222595       -0.0057712579146027565
9.449999809265137       -0.1336216777563095       0.0       -0.5932931900024414       -0.0005355845205485821       1.208387017250061       -0.005593680310994387
9.466666221618652       -0.5002822875976562       0.0       -0.650192141532898       -0.0005191050004214048       -0.043324220925569534       -0.005421567242592573
9.483333587646484       -0.3794930577278137       0.0       -0.06117580458521843       -0.0005031325854361057       -0.43348732590675354       -0.005254749674350023
9.5       -0.30573058128356934       0.0       0.6559903621673584       -0.0004876515595242381       1.4062471389770508       -0.005093065090477467
9.516666412353516       -0.11599963903427124       0.0       -0.40061765909194946       -0.0004726469051092863       0.8312677145004272       -0.004936355631798506
9.533333778381348       -0.7111060619354248       0.0       0.37045764923095703       -0.0004581039247568697       1.02909517288208       -0.004784467630088329
9.550000190734863       -0.3463916480541229       0.0       -1.1005092859268188       -0.0004440084157977253       0.3356342017650604       -0.004637253470718861
9.566666603088379       -0.45224395394325256       0.0       -0.09013764560222626       -0.0004303466121200472       0.6661646962165833       -0.004494568333029747
9.583333015441895       -0.688072144985199       0.0       0.20292435586452484       -0.00041710518416948617       -0.10185207426548004       -0.004356273915618658
9.600000381469727       -0.3766864538192749       0.0       -0.2540205419063568       -0.00040427118074148893       0.6849641799926758       -0.004222234711050987
9.616666793823242       -0.3779039978981018       0.0       -0.08901725709438324       -0.00039183205808512866       1.4072612524032593       -0.004092319868505001
9.633333206176758       -0.2635083496570587       0.0       -0.6486973762512207       -0.0003797756799031049       0.9009741544723511       -0.0039664022624492645
9.649999618530273       -0.4333486557006836       0.0       0.8818860054016113       -0.0003680902882479131       1.2867457866668701       -0.0038443594239652157
9.666666984558105       -0.1160442903637886       0.0       -0.8778111338615417       -0.0003567644162103534       -0.3999617099761963       -0.003726071445271373
9.683333396911621       -0.4788547158241272       0.0       -0.44602492451667786       -0.000345787062542513       1.2679554224014282       -0.003611423075199127
9.699999809265137       -0.4021102786064148       0.0       -0.03738481178879738       -0.00033514745882712305       0.565811812877655       -0.0035003023222088814
9.716666221618652       0.7702233195304871       0.0       0.08907652646303177       -0.0003248352149967104       -2.5627248287200928       -0.0033926006872206926
9.733333587646484       -0.4960628151893616       0.0       -0.323515385389328       -0.00031484029022976756       0.454114705324173       -0.0032882129307836294
9.75       -0.5603020787239075       0.0       -1.2321946620941162       -0.000305152905639261       0.6796607375144958       -0.0031870370730757713
9.766666412353516       0.32021358609199524       0.0       -0.8179376125335693       -0.00029576357337646186       -2.0639946460723877       -0.003088974393904209
9.783333778381348       0.025284310802817345       0.0       -0.1531621366739273       -0.0002866631548386067       -0.18540485203266144       -0.002993929199874401
9.800000190734863       -0.22665654122829437       0.0       -0.48715996742248535       -0.00027784277335740626       -0.3355753719806671       -0.002901808125898242
9.816666603088379       -0.6839088201522827       0.0       -0.05041477456688881       -0.0002692937559913844       1.3227238655090332       -0.0028125217650085688
9.833333015441895       -0.12100394070148468       0.0       0.33557459712028503       -0.0002610077790450305       0.08961690217256546       -0.002725982805714011
9.850000381469727       -0.5304180383682251       0.0       0.1745227426290512       -0.000252976780757308       1.2004404067993164       -0.0026421062648296356
9.866666793823242       -0.16708211600780487       0.0       -0.857604444026947       -0.0002451928739901632       0.8801333904266357       -0.002560810651630163
9.883333206176758       -0.2837609648704529       0.0       -0.0436389185488224       -0.0002376484771957621       0.9091558456420898       -0.002482016570866108
9.899999618530273       0.1667804718017578       0.0       -0.4121551215648651       -0.00023033622710499913       -0.6559121012687683       -0.0024056467227637768
9.916666984558105       -0.7910709977149963       0.0       -0.5373703241348267       -0.0002232489496236667       1.7276020050048828       -0.002331626834347844
9.933333396911621       0.09754310548305511       0.0       -1.0476912260055542       -0.00021637976169586182       -0.2416490763425827       -0.0022598844952881336
9.949999809265137       -0.22932986915111542       0.0       -0.05069703981280327       -0.0002097219112329185       0.8447316288948059       -0.0021903496235609055
9.966666221618652       -0.6404301524162292       0.0       -0.13565823435783386       -0.00020326893718447536       1.3699949979782104       -0.0021229542326182127
9.983333587646484       -0.6591730713844299       0.0       -0.2923477590084076       -0.00019701450946740806       0.5077919960021973       -0.002057632664218545
10.0       -0.2931823432445526       0.0       -0.5963067412376404       -0.00019095251627732068       0.05924764275550842       -0.0019943208899348974
10.016666412353516       -0.7823724150657654       0.0       1.0436848402023315       -0.00018507706408854574       1.131247639656067       -0.00193295709323138
10.033333778381348       -1.3621755838394165       0.0       1.739801287651062       -0.00017938237579073757       3.3986778259277344       -0.0018734815530478954
10.050000190734863       -0.5014840364456177       0.0       -1.6912853717803955       -0.0001738629216561094       -0.21979913115501404       -0.0018158359453082085
10.066666603088379       -0.8715713620185852       0.0       0.8654628396034241       -0.00016851328837219626       1.6374566555023193       -0.0017599640414118767
10.083333015441895       -0.8200806379318237       0.0       -0.2863350510597229       -0.0001633282663533464       2.8111507892608643       -0.0017058112425729632
10.100000381469727       -1.3367599248886108       0.0       -0.11933355033397675       -0.00015830279153306037       4.420677185058594       -0.0016533248126506805
10.116666793823242       -0.7820109724998474       0.0       -1.8495852947235107       -0.00015343193081207573       1.6322553157806396       -0.001602453296072781
10.133333206176758       0.2958006262779236       0.0       -0.43453624844551086       -0.00014871094026602805       -0.645199716091156       -0.0015531469834968448
10.149999618530273       -0.40488240122795105       0.0       0.5695821642875671       -0.00014413522148970515       0.7774076461791992       -0.001505357911810279
10.166666984558105       -0.9364205598831177       0.0       0.5102940201759338       -0.0001397002924932167       1.8305766582489014       -0.0014590391656383872
10.183333396911621       0.07819627225399017       0.0       -0.9535898566246033       -0.00013540183135773987       -0.2902790307998657       -0.0014141456922516227
10.199999809265137       -0.078645721077919       0.0       1.0118913650512695       -0.00013123561802785844       0.5332531332969666       -0.0013706334866583347
10.216666221618652       -0.6040310263633728       0.0       0.3145555853843689       -0.0001271975925192237       1.257326602935791       -0.0013284601736813784
10.233333587646484       -0.010308556258678436       0.0       -1.4835997819900513       -0.00012328382581472397       -0.4092659652233124       -0.001287584425881505
10.25       -1.1986172199249268       0.0       0.1556520313024521       -0.00011949047620873898       2.8430516719818115       -0.0012479664292186499
10.266666412353516       0.40211525559425354       0.0       -0.9638116359710693       -0.00011581384751480073       -0.8308044075965881       -0.0012095675338059664
10.283333778381348       0.1821127086877823       0.0       -1.8695918321609497       -0.0001122503454098478       -0.39960095286369324       -0.0011723500210791826
10.300000190734863       -0.7411928176879883       0.0       -1.4153224229812622       -0.000108796484710183       1.8005684614181519       -0.0011362776858732104
10.316666603088379       -0.21085378527641296       0.0       -1.2161117792129517       -0.00010544890392338857       0.3304848372936249       -0.001101315370760858
10.333333015441895       -0.08518300950527191       0.0       0.10328559577465057       -0.00010220432159258053       -0.18834614753723145       -0.0010674287332221866
10.350000381469727       -0.030465049669146538       0.0       -0.48721200227737427       -9.90595726761967e-05       0.20095133781433105       -0.001034584711305797
