t       fx       vx       fy       vy       fz       vz
0.0       -0.973677933216095       0.0       -0.2845240831375122       0.0       0.9412021040916443       0.0
0.01666666753590107       -0.8567175269126892       0.0       -0.2595476508140564       0.0       1.371151089668274       0.0
0.03333333507180214       -1.0171281099319458       0.0       0.052970003336668015       0.0       1.7251225709915161       0.0
0.05000000074505806       -1.0582096576690674       0.0       -1.0633549690246582       0.0       1.5758039951324463       0.0
0.06666667014360428       -1.216896414756775       0.0       0.03254767134785652       0.0       1.5988317728042603       0.0
0.0833333358168602       -0.7444625496864319       0.0       -0.3009394407272339       0.0       1.0949240922927856       0.0
0.10000000149011612       -1.187717318534851       0.0       -0.37256255745887756       0.0       1.592878818511963       0.0
0.11666666716337204       -0.9801543951034546       0.0       -0.27694496512413025       0.0       0.49408671259880066       0.0
0.13333334028720856       -1.162217140197754       0.0       -0.24622631072998047       0.0       0.7719652056694031       0.0
0.15000000596046448       -1.362720012664795       0.0       -0.6096879839897156       0.0       1.467085599899292       0.0
0.1666666716337204       -1.22585928440094       0.0       -0.2103346884250641       0.0       1.473980188369751       0.0
0.18333333730697632       -1.1154729127883911       0.0       -0.8461213111877441       0.0       1.3482547998428345       0.0
0.20000000298023224       -1.201200008392334       0.0       -0.520628809928894       0.0       1.7097569704055786       0.0
0.21666666865348816       -0.5611419677734375       0.0       -0.6247613430023193       0.0       0.5924630761146545       0.0
0.23333333432674408       -1.1735236644744873       0.0       -0.1093631237745285       0.0       1.1913002729415894       0.0
0.25       -0.9941865801811218       0.0       0.16996923089027405       0.0       0.6122432351112366       0.0
0.2666666805744171       -1.2885669469833374       0.0       -0.1844426840543747       0.0       0.9462970495223999       0.0
0.28333333134651184       -0.8713027238845825       0.0       -0.366738885641098       0.0       1.8071953058242798       0.0
0.30000001192092896       -0.9290807843208313       0.0       -0.4923318028450012       0.0       0.5030637979507446       0.0
0.3166666626930237       -1.2692692279815674       0.0       -0.4107620418071747       0.0       1.48114812374115       0.0
0.3333333432674408       -0.5560435056686401       0.0       -0.2811335325241089       0.0       0.1206296980381012       0.0
0.3499999940395355       -0.9264008402824402       0.0       0.27172237634658813       0.0       0.10136313736438751       0.0
0.36666667461395264       -1.0550127029418945       0.0       -0.8278163075447083       0.0       0.7454878091812134       0.0
0.38333332538604736       -0.4496229887008667       0.0       -0.47398841381073       0.0       0.19228968024253845       0.0
0.4000000059604645       -1.1737900972366333       0.0       -0.31749027967453003       0.0       1.4067625999450684       0.0
0.4166666567325592       -0.5956071019172668       0.0       -0.78648841381073       0.0       0.046897854655981064       0.0
0.4333333373069763       -0.7720857858657837       0.0       -0.3811783194541931       0.0       1.0787678956985474       0.0
0.44999998807907104       -1.0437240600585938       0.0       -0.026506906375288963       0.0       0.836151659488678       0.0
0.46666666865348816       -1.2029942274093628       0.0       0.3845788240432739       0.0       1.1163145303726196       0.0
0.4833333194255829       -0.9597949981689453       0.0       0.0024013735819607973       0.0       0.7316810488700867       0.0
0.5       -0.9644408822059631       0.0       -0.5310249924659729       0.0       1.1860607862472534       0.0
0.5166666507720947       -0.7156860828399658       0.0       -0.038586657494306564       0.0       0.10762669891119003       0.0
0.5333333611488342       -0.6434029340744019       0.0       -0.010020002722740173       0.0       0.9613298773765564       0.0
0.550000011920929       -1.2583601474761963       0.0       -0.9136603474617004       0.0       1.6902811527252197       0.0
0.5666666626930237       -0.937775194644928       0.0       -0.07055375725030899       0.0       1.1497756242752075       0.0
0.5833333134651184       -1.2945798635482788       0.0       -0.2915198802947998       0.0       1.6100844144821167       0.0
0.6000000238418579       -0.46466243267059326       0.0       0.26248130202293396       0.0       1.134035348892212       0.0
0.6166666746139526       -1.2646074295043945       0.0       -0.7040621042251587       0.0       1.4623585939407349       0.0
0.6333333253860474       -0.7515291571617126       0.0       -0.5740422606468201       0.0       -0.036504413932561874       0.0
0.6499999761581421       -1.2292100191116333       0.0       -0.5305216908454895       0.0       1.492895245552063       0.0
0.6666666865348816       -1.4744058847427368       0.0       -0.892065703868866       0.0       1.7523541450500488       0.0
0.6833333373069763       -1.2533823251724243       0.0       -0.42662981152534485       0.0       1.7776933908462524       0.0
0.699999988079071       -1.2008498907089233       0.0       -0.4084136486053467       0.0       1.4693821668624878       0.0
0.7166666388511658       -0.614578127861023       0.0       0.06307422369718552       0.0       -0.2729202210903168       0.0
0.7333333492279053       -0.35253041982650757       0.0       -0.3393676280975342       0.0       -0.06404173374176025       0.0
0.75       -1.266021490097046       0.0       -0.3289113938808441       0.0       0.9743327498435974       0.0
0.7666666507720947       -1.1879507303237915       0.0       -0.3679793179035187       0.0       0.8504814505577087       0.0
0.7833333611488342       -1.3745346069335938       0.0       -0.11023213714361191       0.0       2.0756242275238037       0.0
0.800000011920929       -0.8022725582122803       0.0       -0.10156778246164322       0.0       0.4464437663555145       0.0
0.8166666626930237       -1.5728658437728882       0.0       -0.5078871846199036       0.0       2.5805442333221436       0.0
0.8333333134651184       -1.7693800926208496       0.0       -0.022877445444464684       0.0       2.6049137115478516       0.0
0.8500000238418579       -0.7249624133110046       0.0       -0.6473789215087891       0.0       -0.20729854702949524       0.0
0.8666666746139526       -1.1440924406051636       0.0       -0.3963771164417267       0.0       0.8673306703567505       0.0
0.8833333253860474       -0.6426131129264832       0.0       -0.11157092452049255       0.0       0.6644028425216675       0.0
0.8999999761581421       -1.186652421951294       0.0       -0.07987826317548752       0.0       1.6001605987548828       0.0
0.9166666865348816       -0.7800911068916321       0.0       -0.49740543961524963       0.0       0.8844301700592041       0.0
0.9333333373069763       -1.4887068271636963       0.0       -0.020115092396736145       0.0       2.2217042446136475       0.0
0.949999988079071       -0.9309583306312561       0.0       -0.604910671710968       0.0       0.5703256130218506       0.0
0.9666666388511658       -1.1540656089782715       0.0       -0.5321583151817322       0.0       1.1882749795913696       0.0
0.9833333492279053       -1.0343830585479736       0.0       -0.2652647793292999       0.0       1.7340866327285767       0.0
1.0       -0.588003396987915       0.0       -0.12032154202461243       0.0       0.9710985422134399       0.0
1.0166666507720947       -0.24678024649620056       0.0       0.13694816827774048       0.0       -1.510157823562622       0.0
1.0333333015441895       -1.356339454650879       0.0       -0.4384254813194275       0.0       1.6390814781188965       0.0
1.0499999523162842       -0.5271232724189758       0.0       -0.5411163568496704       0.0       -0.057120438665151596       0.0
1.0666667222976685       -1.7529840469360352       0.0       -0.4289447069168091       0.0       2.6088292598724365       0.0
1.0833333730697632       -1.3134642839431763       0.0       -0.10707530379295349       0.0       1.5511057376861572       0.0
1.100000023841858       -1.211150050163269       0.0       -0.6387951970100403       0.0       1.1230276823043823       0.0
1.1166666746139526       -1.2794923782348633       0.0       0.026957154273986816       0.0       1.089840292930603       0.0
1.1333333253860474       -0.9278769493103027       0.0       0.2719879150390625       0.0       1.2107268571853638       0.0
1.149999976158142       -1.0689811706542969       0.0       0.36654216051101685       0.0       2.0108256340026855       0.0
1.1666666269302368       -0.7164211273193359       0.0       -0.5959658622741699       0.0       -0.4579595923423767       0.0
1.1833332777023315       -0.8454909324645996       0.0       -0.3032608926296234       0.0       1.401126503944397       0.0
1.2000000476837158       -1.5168201923370361       0.0       -0.08204459398984909       0.0       2.201220989227295       0.0
1.2166666984558105       -1.3211991786956787       0.0       -0.030924560502171516       0.0       2.081378936767578       0.0
1.2333333492279053       -1.7024503946304321       0.0       -0.1109677255153656       0.0       2.0780625343322754       0.0
1.25       -0.8721264004707336       0.0       -0.5445903539657593       0.0       1.199297308921814       0.0
1.2666666507720947       -1.1043745279312134       0.0       -0.3669249415397644       0.0       1.0685086250305176       0.0
1.2833333015441895       -1.2063015699386597       0.0       -0.3360753655433655       0.0       1.9435241222381592       0.0
1.2999999523162842       -0.9711307883262634       0.0       -0.8080098628997803       0.0       1.5356864929199219       0.0
1.3166667222976685       -1.1590440273284912       0.0       -0.8561278581619263       0.0       1.2855024337768555       0.0
1.3333333730697632       -0.7201974391937256       0.0       -0.14278364181518555       0.0       0.6836931109428406       0.0
1.350000023841858       -0.8449732065200806       0.0       -0.781079888343811       0.0       0.9300960898399353       0.0
1.3666666746139526       -0.7959505319595337       0.0       -0.010761444456875324       0.0       0.8104091286659241       0.0
1.3833333253860474       -1.1425752639770508       0.0       0.1646297723054886       0.0       0.6901028752326965       0.0
1.399999976158142       -1.2512638568878174       0.0       -0.35072579979896545       0.0       1.293907880783081       0.0
1.4166666269302368       -0.9428859353065491       0.0       0.0224915724247694       0.0       0.7178470492362976       0.0
1.4333332777023315       -1.6949467658996582       0.0       -0.5458133220672607       0.0       2.9819085597991943       0.0
1.4500000476837158       -1.2952351570129395       0.0       0.1041218489408493       0.0       2.140223979949951       0.0
1.4666666984558105       -1.0317862033843994       0.0       -0.5399948358535767       0.0       0.45926567912101746       0.0
1.4833333492279053       -0.3924471437931061       0.0       0.20538967847824097       0.0       0.5890628099441528       0.0
1.5       -1.0156186819076538       0.0       -0.5940008163452148       0.0       0.9488731026649475       0.0
1.5166666507720947       -1.152260422706604       0.0       -0.6552383899688721       0.0       1.3540968894958496       0.0
1.5333333015441895       -1.1585496664047241       0.0       -0.3870126008987427       0.0       1.4530612230300903       0.0
1.5499999523162842       -0.8578104972839355       0.0       -0.6456137895584106       0.0       0.9801486730575562       0.0
1.5666667222976685       -1.3019112348556519       0.0       0.0007029603002592921       0.0       1.324049472808838       0.0
1.5833333730697632       -1.1874780654907227       0.0       -0.5483132600784302       0.0       0.46304553747177124       0.0
1.600000023841858       -1.3982470035552979       0.0       -0.655684232711792       0.0       2.1733953952789307       0.0
1.6166666746139526       -1.4120943546295166       0.0       0.3432280123233795       0.0       1.4519847631454468       0.0
1.6333333253860474       -1.0004222393035889       0.0       -0.2475844770669937       0.0       -0.187584787607193       0.0
1.649999976158142       -1.3829715251922607       0.0       -0.7501298785209656       0.0       1.2770419120788574       0.0
1.6666666269302368       -1.3829715251922607       0.0       -0.7501298785209656       0.0       1.2770419120788574       0.0
1.6833332777023315       -0.868537962436676       0.0       0.045947592705488205       0.0       1.7358572483062744       0.0
1.7000000476837158       -0.506174623966217       0.0       -0.3623555898666382       0.0       0.1043643206357956       0.0
1.7166666984558105       -0.6445316672325134       0.0       0.052207719534635544       0.0       0.18551811575889587       0.0
1.7333333492279053       -0.9588180184364319       0.0       0.43962085247039795       0.0       1.1574037075042725       0.0
1.75       -0.799628496170044       0.0       0.18912672996520996       0.0       0.3019673824310303       0.0
1.7666666507720947       -1.592917799949646       0.0       -0.43958932161331177       0.0       2.675832748413086       0.0
1.7833333015441895       -1.767838478088379       0.0       0.12967097759246826       0.0       1.900496006011963       0.0
1.7999999523162842       -1.10000479221344       0.0       -0.363335520029068       0.0       1.514408826828003       0.0
1.8166667222976685       -1.324812650680542       0.0       -0.3309754431247711       0.0       1.6401931047439575       0.0
1.8333333730697632       -1.0414295196533203       0.0       0.15340754389762878       0.0       1.2799628973007202       0.0
1.850000023841858       -1.324921727180481       0.0       -0.5972452163696289       0.0       0.8103948831558228       0.0
1.8666666746139526       -0.5192108154296875       0.0       -0.7222909331321716       0.0       0.9599646925926208       0.0
1.8833333253860474       -1.335850477218628       0.0       -0.04113749414682388       0.0       0.9177026748657227       0.0
1.899999976158142       -1.2422960996627808       0.0       -0.12828698754310608       0.0       2.2963004112243652       0.0
1.9166666269302368       -0.5590214133262634       0.0       -0.8818004131317139       0.0       0.7849064469337463       0.0
1.9333332777023315       -1.0626980066299438       0.0       -0.03185168281197548       0.0       1.0654529333114624       0.0
1.9500000476837158       -1.253449559211731       0.0       -0.6566085815429688       0.0       1.3553071022033691       0.0
1.9666666984558105       -0.9098325371742249       0.0       -0.22314517199993134       0.0       1.1147583723068237       0.0
1.9833333492279053       -1.1313294172286987       0.0       -0.0415283739566803       0.0       0.5562444925308228       0.0
2.0       -1.0954524278640747       0.0       -0.4530005156993866       0.0       0.5404788255691528       0.0
2.0166666507720947       -0.9085562229156494       0.0       -0.2671656310558319       0.0       1.1552125215530396       0.0
2.0333333015441895       -1.6916853189468384       0.0       -0.06250029057264328       0.0       2.557988405227661       0.0
2.049999952316284       -0.8388726115226746       0.0       0.06652762740850449       0.0       1.209020733833313       0.0
2.066666603088379       -1.3698581457138062       0.0       -0.3947078585624695       0.0       1.2388758659362793       0.0
2.0833332538604736       -1.0925954580307007       0.0       -0.5734317898750305       0.0       0.11830022186040878       0.0
2.0999999046325684       -1.2351140975952148       0.0       -0.1556725800037384       0.0       1.5062918663024902       0.0
2.116666555404663       -1.2440873384475708       0.0       -0.17509445548057556       0.0       1.236644983291626       0.0
2.133333444595337       -1.5267263650894165       0.0       -0.15018875896930695       0.0       1.8781262636184692       0.0
2.1500000953674316       -0.6146242618560791       0.0       -0.8231616616249084       0.0       -0.5878100395202637       0.0
2.1666667461395264       -1.1003702878952026       0.0       -0.031862594187259674       0.0       1.0550265312194824       0.0
2.183333396911621       -1.0076371431350708       0.0       0.033003900200128555       0.0       0.9336906671524048       0.0
2.200000047683716       -0.1548614650964737       0.0       -0.2717002332210541       0.0       -1.7344352006912231       0.0
2.2166666984558105       -0.9533613920211792       0.0       -0.2440994530916214       0.0       1.194278359413147       0.0
2.2333333492279053       -1.5621684789657593       0.0       -0.5327003002166748       0.0       2.4546306133270264       0.0
2.25       -1.2766720056533813       0.0       0.14154908061027527       0.0       1.7415496110916138       0.0
2.2666666507720947       -1.2620370388031006       0.0       -0.44884079694747925       0.0       1.5645389556884766       0.0
2.2833333015441895       -0.6904611587524414       0.0       0.10457555949687958       0.0       0.6559455394744873       0.0
2.299999952316284       -0.9467441439628601       0.0       -0.28219279646873474       0.0       0.9303809404373169       0.0
2.316666603088379       -1.4055320024490356       0.0       -0.17687147855758667       0.0       1.522894024848938       0.0
2.3333332538604736       -1.3139928579330444       0.0       -0.04754428192973137       0.0       1.9529354572296143       0.0
2.3499999046325684       -1.418968677520752       0.0       -0.7049232721328735       0.0       1.6161149740219116       0.0
2.366666555404663       -1.3037739992141724       0.0       -0.008318614214658737       0.0       1.041420578956604       0.0
2.383333444595337       -0.9700613617897034       0.0       -0.28245410323143005       0.0       1.301831603050232       0.0
2.4000000953674316       -0.8238328099250793       0.0       -0.08863633871078491       0.0       0.4334624111652374       0.0
2.4166667461395264       -0.8820459842681885       0.0       -0.2411518394947052       0.0       0.8239575624465942       0.0
2.433333396911621       -1.3272446393966675       0.0       -0.20896252989768982       0.0       1.843185305595398       0.0
2.450000047683716       -0.9908002614974976       0.0       0.5289174914360046       0.0       0.8016840815544128       0.0
2.4666666984558105       -0.9740365743637085       0.0       -0.05207157880067825       0.0       1.221601128578186       0.0
2.4833333492279053       -0.7609814405441284       0.0       -0.20264959335327148       0.0       0.7381604909896851       0.0
2.5       -0.7851396203041077       0.0       -0.3298551142215729       0.0       -0.2153138965368271       0.0
2.5166666507720947       -0.9613396525382996       0.0       -0.4110378324985504       0.0       1.8473615646362305       0.0
2.5333333015441895       -1.1952730417251587       0.0       0.4004165828227997       0.0       1.112565279006958       0.0
2.549999952316284       -0.7503896355628967       0.0       -0.35861876606941223       0.0       -0.03616938367486       0.0
2.566666603088379       -0.5562661290168762       0.0       -0.04336995258927345       0.0       0.7606825232505798       0.0
2.5833332538604736       -1.0854038000106812       0.0       -0.2325570285320282       0.0       0.7581263184547424       0.0
2.5999999046325684       -1.276085376739502       0.0       -0.18696282804012299       0.0       2.3411550521850586       0.0
2.616666555404663       -1.1968061923980713       0.0       -0.6364437341690063       0.0       1.5580657720565796       0.0
2.633333444595337       -1.4804470539093018       0.0       -0.37775102257728577       0.0       1.6721129417419434       0.0
2.6500000953674316       -0.8457005023956299       0.0       -0.37950730323791504       0.0       0.19793017208576202       0.0
2.6666667461395264       -0.919113039970398       0.0       -0.13101564347743988       0.0       0.6825604438781738       0.0
2.683333396911621       -1.5261945724487305       0.0       0.23764081299304962       0.0       1.0066328048706055       0.0
2.700000047683716       -0.9721305966377258       0.0       -0.0753525048494339       0.0       1.2373117208480835       0.0
2.7166666984558105       -1.0712475776672363       0.0       -0.26555928587913513       0.0       0.5563786029815674       0.0
2.7333333492279053       -1.377835988998413       0.0       -0.2188960611820221       0.0       1.26959228515625       0.0
2.75       -0.9050784111022949       0.0       -0.47958892583847046       0.0       1.5242270231246948       0.0
2.7666666507720947       -0.8412319421768188       0.0       -0.5278524160385132       0.0       0.5963552594184875       0.0
2.7833333015441895       -1.149738073348999       0.0       -0.5289832949638367       0.0       0.7522576451301575       0.0
2.799999952316284       -0.8926886916160583       0.0       -1.1897377967834473       0.0       0.8592647910118103       0.0
2.816666603088379       -1.1283764839172363       0.0       -0.579648494720459       0.0       1.1544424295425415       0.0
2.8333332538604736       -0.8137350678443909       0.0       -0.329161137342453       0.0       1.2752070426940918       0.0
2.8499999046325684       -1.0449202060699463       0.0       -0.2346944510936737       0.0       1.279582142829895       0.0
2.866666555404663       -1.6346490383148193       0.0       -1.0541884899139404       0.0       2.308180570602417       0.0
2.883333444595337       -1.1854232549667358       0.0       -0.33297663927078247       0.0       1.857447624206543       0.0
2.9000000953674316       -0.6346640586853027       0.0       -0.5688404440879822       0.0       0.03728138282895088       0.0
2.9166667461395264       -0.5628940463066101       0.0       -0.2517354488372803       0.0       0.5514588952064514       0.0
2.933333396911621       -1.2149546146392822       0.0       -0.5991043448448181       0.0       1.463722825050354       0.0
2.950000047683716       -1.2153164148330688       0.0       -0.08700285851955414       0.0       1.7538107633590698       0.0
2.9666666984558105       -0.5669055581092834       0.0       -0.7457062005996704       0.0       0.24552413821220398       0.0
2.9833333492279053       -0.8668637871742249       0.0       -0.9305576682090759       0.0       0.8826369643211365       0.0
3.0       -0.8811522722244263       0.0       -0.35340380668640137       0.0       1.7270050048828125       0.0
3.0166666507720947       -0.6793819069862366       0.0       -0.40822020173072815       0.0       1.2471510171890259       0.0
3.0333333015441895       -0.6663265228271484       0.0       -0.5991683006286621       0.0       1.0882173776626587       0.0
3.049999952316284       -0.5318411588668823       0.0       -0.7484132051467896       0.0       0.5407319068908691       0.0
3.066666603088379       -0.755340039730072       0.0       0.08050896227359772       0.0       0.9758291244506836       0.0
3.0833332538604736       -0.6440691947937012       0.0       0.5551441311836243       0.0       1.4697121381759644       0.0
3.0999999046325684       0.12795622646808624       0.0       1.5976372957229614       0.0       -0.5948799252510071       0.0
3.116666555404663       -0.19940492510795593       0.0       3.825016736984253       0.0       -0.6583045125007629       0.0
3.133333444595337       0.2874297499656677       0.0       2.6165223121643066       0.0       -0.8264254927635193       0.0
3.1500000953674316       -3.2956268787384033       0.0       1.6960047483444214       0.0       8.84008502960205       0.0
3.1666667461395264       -2.1403253078460693       0.0       -3.8520281314849854       0.0       4.901831150054932       0.0
3.183333396911621       -2.4046859741210938       0.0       -8.271018981933594       0.0       5.524313926696777       0.0
3.200000047683716       -3.8015127182006836       0.0       -12.366910934448242       0.0       8.45544147491455       0.0
3.2166666984558105       -3.958092212677002       0.0       -15.00012493133545       0.0       9.6796875       0.0
3.2333333492279053       -2.5395255088806152       0.0       -21.686004638671875       0.0       5.810519218444824       0.0
3.25       -2.9388766288757324       0.0       -28.396684646606445       0.0       5.964879512786865       0.0
3.2666666507720947       -3.575845241546631       0.0       -27.81063461303711       0.0       8.327742576599121       0.0
3.2833333015441895       -4.312412738800049       0.0       -30.79725456237793       0.0       10.289109230041504       0.0
3.299999952316284       -6.361885070800781       0.0       -37.87883377075195       0.0       15.238663673400879       0.0
3.316666603088379       -7.208477973937988       0.0       -37.29411315917969       0.0       16.93351936340332       0.0
3.3333332538604736       -6.991203784942627       0.0       -48.38019943237305       0.0       12.591194152832031       0.0
3.3499999046325684       -7.883891582489014       0.0       -46.095848083496094       0.0       14.523159980773926       0.005998686421662569
3.366666555404663       -10.020380020141602       0.0       -56.374454498291016       0.0       17.483144760131836       0.01188734732568264
3.383333444595337       -13.813658714294434       0.0       -53.97760772705078       0.0       20.682065963745117       0.018696576356887817
3.4000000953674316       -16.88429069519043       0.0       -65.55594635009766       0.0       24.80384063720703       0.026695577427744865
3.4166667461395264       -16.5933837890625       0.0       -74.496337890625       0.0       20.681386947631836       0.03488394618034363
3.433333396911621       -19.437082290649414       0.0       -51.31742858886719       0.0       26.392303466796875       0.04359769821166992
3.450000047683716       -24.10030746459961       0.0       -47.6981201171875       0.0       33.66523742675781       0.053249869495630264
3.4666666984558105       -19.415485382080078       0.0       -55.889373779296875       0.0       15.18447494506836       0.06185608357191086
3.4833333492279053       -22.84756088256836       0.0       -52.27608871459961       0.0       19.45899772644043       0.0692562609910965
3.5       -20.894224166870117       0.0       -62.74394226074219       0.0       12.281535148620605       0.07351735234260559
3.5166666507720947       -21.11103057861328       0.0       -59.25044250488281       0.0       11.903921127319336       0.07720032334327698
3.5333333015441895       -17.162017822265625       0.0       -57.214576721191406       0.0       11.340034484863281       0.07966507971286774
3.549999952316284       -20.162649154663086       0.0       -67.8490219116211       0.0       14.925712585449219       0.08241480588912964
3.566666603088379       -18.761045455932617       0.0       -57.12782669067383       0.0       13.427507400512695       0.0852891281247139
3.5833332538604736       -19.56297492980957       0.0       -56.01185989379883       0.0       14.259224891662598       0.0884750559926033
3.5999999046325684       -21.761455535888672       0.0       -45.546783447265625       0.0       22.828454971313477       0.09264220297336578
3.616666555404663       -18.321311950683594       0.0       -53.232181549072266       0.0       12.719314575195312       0.09658677875995636
3.633333444595337       -19.75000762939453       0.0       -55.801578521728516       0.0       17.03040885925293       0.10079281032085419
3.6500000953674316       -16.977310180664062       0.0       -52.519290924072266       0.0       10.95267105102539       0.10325170308351517
3.6666667461395264       -22.373611450195312       0.0       -46.10821533203125       0.0       26.654645919799805       0.10754190385341644
3.683333396911621       -16.456783294677734       0.0       -46.0322380065918       0.0       13.187382698059082       0.11118017882108688
3.700000047683716       -17.862165451049805       0.0       -46.90324020385742       0.0       19.362295150756836       0.11586428433656693
3.7166666984558105       -18.944854736328125       0.0       -38.9076042175293       0.0       27.21412467956543       0.12048575282096863
3.7333333492279053       -12.785821914672852       0.0       -39.9346809387207       0.0       13.305265426635742       0.12498684972524643
3.75       -13.72172737121582       0.0       -34.37388229370117       0.0       20.22379493713379       0.12947644293308258
3.7666666507720947       -9.149565696716309       0.0       -24.8987979888916       0.0       12.76024055480957       0.13185051083564758
3.7833333015441895       -9.643301010131836       0.0       -22.100561141967773       0.0       17.956968307495117       0.1347961723804474
3.799999952316284       -7.5990471839904785       0.0       -10.700963020324707       0.0       13.95697021484375       0.1367967277765274
3.816666603088379       -10.281146049499512       0.0       -6.419936180114746       0.0       30.90217399597168       0.14124225080013275
3.8333332538604736       -3.4357335567474365       0.0       6.460109710693359       0.0       16.055095672607422       0.14529787003993988
3.8499999046325684       -3.9990057945251465       0.0       3.915156602859497       0.0       20.353178024291992       0.15012682974338531
3.866666555404663       0.370097279548645       0.0       10.32612133026123       0.0       12.39475154876709       0.15226267278194427
3.883333444595337       -5.0925798416137695       0.0       10.283245086669922       0.0       27.457138061523438       0.1559242308139801
3.9000000953674316       -6.733758449554443       0.0       12.41556167602539       0.0       28.836400985717773       0.1606660634279251
3.9166667461395264       -5.634155750274658       0.0       20.073162078857422       0.0       28.52505111694336       0.16752208769321442
3.933333396911621       -5.352398872375488       0.0       26.12584114074707       0.0       26.87930679321289       0.1741085648536682
3.950000047683716       -4.101028919219971       0.0       34.93055725097656       0.0       25.670455932617188       0.18007291853427887
3.9666666984558105       -1.664262294769287       0.0       61.48540496826172       0.0       17.587743759155273       0.18434610962867737
3.9833333492279053       -1.1543736457824707       0.0       54.51179504394531       0.0       19.85745620727539       0.1875166893005371
4.0       1.8324781656265259       0.0       62.64980697631836       0.0       13.870863914489746       0.18895374238491058
4.016666889190674       2.5003063678741455       0.0       76.0175552368164       0.0       16.08361053466797       0.19014646112918854
4.0333333015441895       3.3520684242248535       0.0       73.26545715332031       0.0       15.061403274536133       0.19064468145370483
4.050000190734863       6.221978664398193       0.0       89.44374084472656       0.0       13.41242504119873       0.1910778284072876
4.066666603088379       8.394204139709473       0.0       91.88114929199219       0.0       6.299811840057373       0.18519850075244904
4.083333492279053       3.6406424045562744       0.0       88.1326904296875       0.0       28.580896377563477       0.17950008809566498
4.099999904632568       11.303194999694824       0.0       104.54299926757812       0.0       8.85940933227539       0.17397700250148773
4.116666793823242       24.822853088378906       0.0       113.97636413574219       0.0       -9.668292045593262       0.16862386465072632
4.133333206176758       12.524341583251953       0.0       111.20869445800781       0.0       18.770496368408203       0.1634354442358017
4.150000095367432       21.976993560791016       0.0       112.19147491455078       0.0       -6.1706366539001465       0.15840665996074677
4.166666507720947       21.90723419189453       0.0       109.74615478515625       0.03076923079788685       1.371353268623352       0.15353260934352875
4.183333396911621       18.48797035217285       0.0       124.12030029296875       0.060591716319322586       13.331964492797852       0.1488085240125656
4.199999809265137       27.031709671020508       0.0       125.48503112792969       0.08949658274650574       -12.685515403747559       0.14422979950904846
4.2166666984558105       41.382835388183594       0.0       228.28578186035156       0.08674284815788269       -63.21307373046875       0.13979196548461914
4.233333110809326       6.651180744171143       0.0       127.0174331665039       0.08407383412122726       43.15729522705078       0.13549067080020905
4.25       10.729521751403809       0.0       116.53257751464844       0.08148694783449173       -2.5853331089019775       0.1313217282295227
4.266666889190674       11.909711837768555       0.0       91.05545806884766       0.07897965610027313       11.58504867553711       0.127281054854393
4.2833333015441895       11.42969799041748       0.0       87.18399810791016       0.07654951512813568       10.66572380065918       0.12336472421884537
4.300000190734863       6.939868927001953       0.0       65.9028549194336       0.07419414073228836       14.556819915771484       0.11956888437271118
4.316666603088379       -1.2219184637069702       0.0       44.243534088134766       0.07191124558448792       31.874065399169922       0.11588983982801437
4.333333492279053       4.049685478210449       0.0       36.682273864746094       0.06969859451055527       22.243547439575195       0.12222670763731003
4.349999904632568       5.2312421798706055       0.0       69.374267578125       0.06755401939153671       6.787954330444336       0.11846588551998138
4.366666793823242       -1.1217985153198242       0.0       58.182411193847656       0.06547543406486511       19.182708740234375       0.11482078582048416
4.383333206176758       0.547155499458313       0.0       63.324283599853516       0.0634608045220375       6.062969207763672       0.11128783226013184
4.400000095367432       10.457636833190918       0.0       76.69481658935547       0.061508167535066605       -17.87546730041504       0.10786359757184982
4.416666507720947       7.887755393981934       0.0       71.29251861572266       0.059615608304739       -8.329373359680176       0.10454471409320831
4.433333396911621       0.0       0.0       0.0       0.05778128281235695       0.0       0.10132795572280884
4.449999809265137       1.1009562015533447       0.0       0.8934694528579712       0.0560033954679966       -2.7888870239257812       0.0982101708650589
4.4666666984558105       1.2539713382720947       0.0       3.489325523376465       0.05428021401166916       -2.300630807876587       0.09518831968307495
4.483333110809326       3.0914745330810547       0.0       8.7604341506958       0.05261005461215973       -9.38974666595459       0.09225944429636002
4.5       -2.174858331680298       0.0       1.8166747093200684       0.05099128186702728       6.238547325134277       0.08942069858312607
4.516666889190674       -4.364172458648682       0.0       -0.31496450304985046       0.04942231997847557       12.471993446350098       0.08666928857564926
4.5333333015441895       -5.417313575744629       0.0       -1.1756218671798706       0.04790163412690163       15.666135787963867       0.0840025395154953
4.550000190734863       -7.43238639831543       0.0       -2.4428343772888184       0.046427737921476364       21.95586585998535       0.08141785115003586
4.566666603088379       -8.987159729003906       0.0       -4.741771697998047       0.04499919340014458       26.576326370239258       0.07891268283128738
4.583333492279053       -10.841004371643066       0.0       -4.356086730957031       0.043614599853754044       29.77269744873047       0.08776479959487915
4.599999904632568       -15.100384712219238       0.0       -7.169704914093018       0.04227261245250702       42.03916931152344       0.09923806041479111
4.616666793823242       -15.762645721435547       0.0       -8.754955291748047       0.040971916168928146       42.59437942504883       0.11266607791185379
4.633333206176758       -17.6513729095459       0.0       -11.815624237060547       0.03971124440431595       46.69868087768555       0.12811771035194397
4.650000095367432       -20.845861434936523       0.0       -14.4988374710083       0.038489360362291336       55.31498718261719       0.14500540494918823
4.666666507720947       -18.98261260986328       0.0       -24.83751678466797       0.0373050719499588       48.08041763305664       0.1621636301279068
4.683333396911621       -21.458232879638672       0.0       -27.05354118347168       0.03615722432732582       53.570465087890625       0.1797836869955063
4.699999809265137       -20.218503952026367       0.0       -29.758316040039062       0.03504469245672226       45.65161895751953       0.19546836614608765
4.7166666984558105       -19.625900268554688       0.0       -33.2833137512207       0.03396639600396156       43.295066833496094       0.2099805623292923
4.733333110809326       -20.56212615966797       0.0       -36.734989166259766       0.03292127326130867       44.5373649597168       0.2227454036474228
4.75       -20.388385772705078       0.0       -42.80329895019531       0.0319083109498024       40.1712646484375       0.23432664573192596
4.766666889190674       -20.367961883544922       0.0       -46.96403503417969       0.030926518142223358       38.47955322265625       0.24485750496387482
4.7833333015441895       -20.791706085205078       0.0       -49.78296661376953       0.029974933713674545       36.30768585205078       0.25387871265411377
4.800000190734863       -22.80008888244629       0.0       -45.93157196044922       0.029052626341581345       40.4841194152832       0.2626665234565735
4.816666603088379       -23.37236976623535       0.0       -52.75648498535156       0.028158700093626976       39.66460037231445       0.2713548243045807
4.833333492279053       -19.97903823852539       0.0       -46.77119445800781       0.0272922795265913       26.861717224121094       0.2784147262573242
4.849999904632568       -19.076189041137695       0.0       -53.09239196777344       0.02645251713693142       29.99237823486328       0.2837468385696411
4.866666793823242       -16.05753517150879       0.0       -47.4852294921875       0.02563859336078167       23.273637771606445       0.2865545153617859
4.883333206176758       -15.789010047912598       0.0       -52.20633316040039       0.02484971284866333       20.64204216003418       0.28838032484054565
4.900000095367432       -24.319196701049805       0.0       -70.68730926513672       0.02408510632812977       46.937744140625       0.2925907373428345
4.916666507720947       -15.887049674987793       0.0       -55.07722854614258       0.023344026878476143       20.742347717285156       0.29630693793296814
4.933333396911621       -22.729135513305664       0.0       -69.69063568115234       0.022625748068094254       40.55480194091797       0.3027765452861786
4.949999809265137       -19.824411392211914       0.0       -67.79357147216797       0.02192957140505314       32.18216323852539       0.30692219734191895
4.9666666984558105       -12.199037551879883       0.0       -51.95399475097656       0.02125481516122818       9.523032188415527       0.29747843742370605
4.983333110809326       -21.457393646240234       0.0       -73.56912994384766       0.0206008218228817       36.70905685424805       0.2883252501487732
5.0       0.0       0.0       0.0       0.01996695064008236       0.0       0.27945369482040405
5.016666889190674       1.5357369184494019       0.0       -1.8362088203430176       0.019352581351995468       -8.017826080322266       0.2708551287651062
5.0333333015441895       -6.893548488616943       0.0       -18.73904800415039       0.01875711791217327       17.972679138183594       0.2625211179256439
5.050000190734863       0.0       0.0       0.0       0.01817997545003891       0.0       0.25444355607032776
5.066666603088379       -7.801270008087158       0.0       -6.613132953643799       0.017620591446757317       24.08249282836914       0.2466145157814026
5.083333492279053       -11.278116226196289       0.0       -15.391587257385254       0.017078420147299767       32.82555389404297       0.23902638256549835
5.099999904632568       -7.052866458892822       0.0       -7.16360330581665       0.01655293069779873       20.8482723236084       0.23167172074317932
5.116666793823242       -4.997204780578613       0.0       -3.700059413909912       0.016043609008193016       14.015442848205566       0.22454336285591125
5.133333206176758       -14.188895225524902       0.0       -20.922931671142578       0.015549959614872932       42.494354248046875       0.22877638041973114
5.150000095367432       -9.977716445922852       0.0       -12.814936637878418       0.015071499161422253       28.25149154663086       0.2339453101158142
5.166666507720947       -4.447138786315918       0.0       -2.9745566844940186       0.014607761055231094       13.111313819885254       0.23882465064525604
5.183333396911621       -7.201742649078369       0.0       -8.631404876708984       0.01415829174220562       21.44338035583496       0.24052205681800842
5.199999809265137       -8.499727249145508       0.0       -10.226126670837402       0.01372265163809061       23.65665626525879       0.24150529503822327
5.2166666984558105       -11.69092082977295       0.0       -15.60871696472168       0.013300416059792042       32.343841552734375       0.2452288568019867
5.233333110809326       -15.520936012268066       0.0       -20.4525203704834       0.012891172431409359       42.28227615356445       0.25183916091918945
5.25       0.0       0.0       0.0       0.012494521215558052       0.0       0.244090273976326
5.266666889190674       0.5692867040634155       0.0       -0.08097904175519943       0.012110074050724506       -0.844804584980011       0.2365798056125641
5.2833333015441895       2.002871513366699       0.0       -1.1737531423568726       0.011737456545233727       0.9935574531555176       0.22930042445659637
5.300000190734863       -1.7515138387680054       0.0       -6.715395450592041       0.011376304551959038       9.782837867736816       0.2222450226545334
5.316666603088379       1.7939785718917847       0.0       -1.7069791555404663       0.011026264168322086       0.5674805641174316       0.21540671586990356
5.333333492279053       -4.007620811462402       0.0       -10.782502174377441       0.010686994530260563       14.678509712219238       0.20877881348133087
5.349999904632568       -0.008805410005152225       0.0       -6.407115459442139       0.010358164086937904       4.989050388336182       0.20235484838485718
5.366666793823242       0.024530533701181412       0.0       -6.791691303253174       0.010039450600743294       3.984638214111328       0.19612854719161987
5.383333206176758       2.0025153160095215       0.0       -4.433981895446777       0.009730544872581959       -0.31121280789375305       0.19009383022785187
5.400000095367432       1.3249847888946533       0.0       -4.364230155944824       0.009431143291294575       1.372737169265747       0.1842447817325592
5.416666507720947       0.5565539002418518       0.0       -4.67647123336792       0.009140954352915287       4.252322196960449       0.17857570946216583
5.433333396911621       -0.05783305689692497       0.0       -3.5805177688598633       0.008859694004058838       5.315980434417725       0.17308108508586884
5.449999809265137       -0.08627262711524963       0.0       -1.8657739162445068       0.00858708843588829       6.176843166351318       0.16775551438331604
5.4666666984558105       -0.17040199041366577       0.0       -0.7940762042999268       0.00832287035882473       5.608985424041748       0.1625937968492508
5.483333110809326       -0.5228590369224548       0.0       1.8800591230392456       0.008066781796514988       7.340400695800781       0.15759091079235077
5.5       -4.617992401123047       0.0       8.539884567260742       0.007818573154509068       19.38774299621582       0.15274196863174438
5.516666889190674       -5.243691444396973       0.0       9.433340072631836       0.007578001823276281       20.504802703857422       0.1480422168970108
5.5333333015441895       -6.037281036376953       0.0       9.84964370727539       0.007344832643866539       23.870075225830078       0.14348706603050232
5.550000190734863       -6.042002201080322       0.0       12.486037254333496       0.00711883744224906       23.17569351196289       0.13907207548618317
5.566666603088379       -6.0748982429504395       0.0       11.966229438781738       0.006899796426296234       23.838266372680664       0.14500126242637634
5.583333492279053       -5.93145227432251       0.0       12.657269477844238       0.0066874949261546135       22.97516441345215       0.15061885118484497
5.599999904632568       0.0       0.0       0.0       0.006481726188212633       0.0       0.14598441123962402
5.616666793823242       0.5295636653900146       0.0       2.387207508087158       0.0062822881154716015       -1.761313557624817       0.1414925903081894
5.633333206176758       -0.4071832001209259       0.0       2.668966054916382       0.0060889869928359985       0.0650642141699791       0.1371389776468277
5.650000095367432       0.5498876571655273       0.0       2.1734249591827393       0.005901633761823177       -3.2983357906341553       0.1329193115234375
5.666666507720947       0.0998421311378479       0.0       1.6804301738739014       0.005720044951885939       -2.7075693607330322       0.1288294792175293
5.683333396911621       0.9598351120948792       0.0       0.7408534288406372       0.0055440436117351055       -4.776676654815674       0.12486550211906433
5.699999809265137       1.967069149017334       0.0       1.2638393640518188       0.005373457446694374       -7.515276908874512       0.12102348357439041
5.7166666984558105       2.6545822620391846       0.0       2.0434818267822266       0.0052081202156841755       -8.678699493408203       0.11729968339204788
5.733333110809326       2.891444206237793       0.0       2.4672038555145264       0.005047870334237814       -9.522530555725098       0.11369046568870544
5.75       3.3499836921691895       0.0       3.10318922996521       0.004892551340162754       -11.347430229187012       0.11019229888916016
5.766666889190674       3.20566725730896       0.0       2.7845981121063232       0.0047420114278793335       -10.67612361907959       0.10680176317691803
5.7833333015441895       6.845048904418945       0.0       11.139327049255371       0.004596103448420763       -20.873579025268555       0.10351555794477463
5.800000190734863       8.143633842468262       0.0       14.045239448547363       0.0044546849094331264       -24.59911346435547       0.10033046454191208
5.816666603088379       8.89384937286377       0.0       17.470163345336914       0.004317617509514093       -26.518444061279297       0.08687816560268402
5.833333492279053       7.439905643463135       0.0       15.079339027404785       0.0041847676038742065       -21.944730758666992       0.07368509471416473
5.849999904632568       8.581293106079102       0.0       18.260778427124023       0.004056005738675594       -25.903902053833008       0.06071022152900696
5.866666793823242       8.947196006774902       0.0       20.180545806884766       0.003931205719709396       -26.6892032623291       0.048110004514455795
5.883333206176758       8.926739692687988       0.0       20.407291412353516       0.0038102453108876944       -25.669361114501953       0.03536084666848183
5.900000095367432       8.271844863891602       0.0       21.430477142333984       0.0036930071655660868       -24.084087371826172       0.023265905678272247
5.916666507720947       8.444120407104492       0.0       23.622459411621094       0.003579376032575965       -23.70688247680664       0.011971700005233288
5.933333396911621       8.113834381103516       0.0       24.452238082885742       0.0034692413173615932       -22.048097610473633       0.00154505402315408
5.949999809265137       8.130616188049316       0.0       23.05063247680664       0.0033624954521656036       -20.368432998657227       -0.00802685972303152
5.9666666984558105       4.869441509246826       0.0       18.128759384155273       0.003259034128859639       -8.738110542297363       -0.007779879495501518
5.983333110809326       6.3613505363464355       0.0       17.889774322509766       0.0031587560661137104       -12.132255554199219       -0.007540498860180378
6.0       5.670108795166016       0.0       16.904300689697266       0.0030615637078881264       -7.903497219085693       -0.007308483589440584
6.016666889190674       5.980543613433838       0.0       13.466304779052734       0.002967361593618989       -6.942834377288818       -0.007083606906235218
6.0333333015441895       7.5552144050598145       0.0       6.873714923858643       0.0028760582208633423       -10.157247543334961       -0.006865649949759245
6.050000190734863       8.813035011291504       0.0       6.764343738555908       0.002787564182654023       -11.443572998046875       -0.0066543989814817905
6.066666603088379       9.299298286437988       0.0       3.015181303024292       0.0027017928659915924       -11.562671661376953       -0.006449648179113865
6.083333492279053       11.093101501464844       0.0       -0.4139445424079895       0.002618660917505622       -15.094975471496582       -0.006251197773963213
6.099999904632568       11.460112571716309       0.0       -4.673553466796875       0.002538086613640189       -12.7749605178833       -0.011737609282135963
6.116666793823242       15.120889663696289       0.0       -1.3388105630874634       0.0024599917232990265       -21.98076057434082       -0.018555335700511932
6.133333206176758       12.921372413635254       0.0       -3.579705238342285       0.0023842996452003717       -12.718047142028809       -0.02482098899781704
6.150000095367432       14.432294845581055       0.0       -4.279923915863037       0.0023109365720301867       -14.617831230163574       -0.031158985570073128
6.166666507720947       14.647541999816895       0.0       -5.992341995239258       0.002239830791950226       -12.853754997253418       -0.035987548530101776
6.183333396911621       16.7957820892334       0.0       -7.023425102233887       0.0021709129214286804       -15.537389755249023       -0.04107334837317467
6.199999809265137       0.0       0.0       0.0       0.0021041156724095345       0.0       -0.03980955481529236
6.2166666984558105       2.0149483680725098       0.0       -1.4801822900772095       0.002039373619481921       -1.4918735027313232       -0.038584645837545395
6.233333110809326       3.5089664459228516       0.0       -0.2935912311077118       0.0019766236655414104       -4.6704912185668945       -0.03739742562174797
6.25       0.0       0.0       0.0       0.0019158044597133994       0.0       -0.036246735602617264
6.266666889190674       0.6331737041473389       0.0       -1.2091315984725952       0.0018568566301837564       -0.01987433061003685       -0.03513145074248314
6.2833333015441895       0.0       0.0       0.0       0.001799722551368177       0.0       -0.034050483256578445
6.300000190734863       -4.9104719161987305       0.0       -0.566178023815155       0.001744346576742828       -2.445023775100708       -0.03300277516245842
6.316666603088379       -4.0310797691345215       0.0       0.25646987557411194       0.001690674340352416       -4.228241920471191       -0.031987305730581284
6.333333492279053       -2.8036394119262695       0.0       -1.2352079153060913       0.001638653571717441       -3.693061113357544       -0.031003080308437347
6.349999904632568       -2.2204763889312744       0.0       -0.1444357931613922       0.0015882335137575865       -9.07758617401123       -0.030049139633774757
6.366666793823242       -5.6370344161987305       0.0       -0.922532856464386       0.0015393646899610758       -2.902820587158203       -0.02912455052137375
6.383333206176758       -6.493090629577637       0.0       -0.786611795425415       0.0014919997192919254       -2.3131487369537354       -0.028228411450982094
6.400000095367432       -6.688617706298828       0.0       -0.4555620551109314       0.0014460920356214046       -3.1309573650360107       -0.027359845116734505
6.416666507720947       -7.205066680908203       0.0       -0.6920947432518005       0.00140159681905061       -4.1611104011535645       -0.02651800401508808
6.433333396911621       -8.080360412597656       0.0       -0.2255329191684723       0.001358470763079822       -3.835761308670044       -0.025702064856886864
6.449999809265137       -8.849492073059082       0.0       -0.856133222579956       0.0013166717253625393       -3.8107056617736816       -0.02491123229265213
6.4666666984558105       -10.41293716430664       0.0       -0.6317979097366333       0.0012761587277054787       -2.562748432159424       -0.0241447314620018
6.483333110809326       -11.174253463745117       0.0       -0.8063607811927795       0.0012368923053145409       -3.0051348209381104       -0.023401817306876183
6.5       -12.74776840209961       0.0       -1.683631181716919       0.001198834041133523       -1.9877021312713623       -0.022681761533021927
6.516666889190674       -13.608550071716309       0.0       0.021819110959768295       0.001161946915090084       -4.101141452789307       -0.021983861923217773
6.5333333015441895       -14.682069778442383       0.0       -1.2354224920272827       0.0011261946056038141       -2.6959567070007324       -0.021307434886693954
6.550000190734863       -16.278196334838867       0.0       -2.2092604637145996       0.0010915425373241305       -2.084096670150757       -0.020651821047067642
6.566666603088379       -16.339529037475586       0.0       -2.130402088165283       0.001057956600561738       -1.9199634790420532       -0.02001638151705265
6.583333492279053       0.0       0.0       0.0       0.0010254040826112032       0.0       -0.019400492310523987
6.599999904632568       -0.47991159558296204       0.0       -0.4566776752471924       0.0009938532020896673       -0.5077451467514038       -0.0188035536557436
6.616666793823242       -0.5576304197311401       0.0       -1.3079638481140137       0.0009632731089368463       0.3125067949295044       -0.018224982544779778
6.633333206176758       -2.859035015106201       0.0       -1.1678364276885986       0.0009336339426226914       0.8479284644126892       -0.017664214596152306
6.650000095367432       -2.9567439556121826       0.0       -1.531933307647705       0.0009049067157320678       0.8787036538124084       -0.01712070032954216
6.666666507720947       -4.742753982543945       0.0       -0.9091710448265076       0.0008770634303800762       0.5599981546401978       -0.01659390889108181
6.683333396911621       -6.306061267852783       0.0       -2.1116113662719727       0.0008500768453814089       2.2098119258880615       -0.016083328053355217
6.699999809265137       -0.7364961504936218       0.0       -1.8450357913970947       0.0008239206508733332       1.8563400506973267       -0.015588455833494663
6.7166666984558105       -2.6504287719726562       0.0       -2.2238972187042236       0.0007985692354850471       2.151575803756714       -0.015108810737729073
6.733333110809326       -2.944401741027832       0.0       -2.3368818759918213       0.0007739979191683233       0.5972517132759094       -0.014643924310803413
6.75       -2.2633166313171387       0.0       -2.501161575317383       0.0007501825457438827       0.08359432220458984       -0.014193342067301273
6.766666889190674       -1.7983320951461792       0.0       -3.5260872840881348       0.0007271000067703426       1.2994024753570557       -0.013756624422967434
6.7833333015441895       -1.8275172710418701       0.0       -3.815751552581787       0.0007047277176752687       0.8180344700813293       -0.013333342969417572
6.800000190734863       -1.3876125812530518       0.0       -4.294011116027832       0.0006830437923781574       -0.7137368321418762       -0.012923086062073708
6.816666603088379       -2.155158281326294       0.0       -5.564724445343018       0.0006620270432904363       0.9343903064727783       -0.012525453232228756
6.833333492279053       -2.1211049556732178       0.0       -4.41691255569458       0.0006416569813154638       2.9151527881622314       -0.012140054255723953
6.849999904632568       -2.2627530097961426       0.0       -3.7745590209960938       0.0006219136994332075       3.4246826171875       -0.011766514740884304
6.866666793823242       -2.368267774581909       0.0       -4.604712009429932       0.0006027778727002442       4.475666522979736       -0.01140446774661541
6.883333206176758       -2.131732702255249       0.0       -3.8740134239196777       0.0005842308746650815       3.2657785415649414       -0.011053561232984066
6.900000095367432       -1.2841088771820068       0.0       -3.840555191040039       0.0005662545445375144       2.6387243270874023       -0.01071345154196024
6.916666507720947       -0.4638557732105255       0.0       -3.7991108894348145       0.0005488313618116081       1.9558111429214478       -0.010383807122707367
6.933333396911621       -0.5014257431030273       0.0       -3.779175043106079       0.0005319442134350538       2.3747103214263916       -0.010064304806292057
6.949999809265137       0.5689968466758728       0.0       -3.1196680068969727       0.0005155766848474741       1.4212895631790161       -0.009754634462296963
6.9666666984558105       1.197087049484253       0.0       -2.9911787509918213       0.0004997128271497786       2.2413909435272217       -0.009454491548240185
6.983333110809326       1.4921690225601196       0.0       -4.0391950607299805       0.0004843370115850121       3.145906686782837       -0.009163584560155869
7.0       2.3083364963531494       0.0       -3.465594530105591       0.00046943433699198067       3.3766942024230957       -0.008881627582013607
7.016666889190674       3.6911110877990723       0.0       -2.627455949783325       0.00045499022235162556       1.7588728666305542       -0.008608346804976463
7.0333333015441895       4.971717834472656       0.0       -1.4283477067947388       0.0004409905232023448       -0.12648379802703857       -0.008343474939465523
7.050000190734863       4.879377841949463       0.0       -2.4878194332122803       0.00042742156074382365       2.2669670581817627       -0.008086752146482468
7.066666603088379       6.998653411865234       0.0       -0.3023456633090973       0.0004142701509408653       -1.14137601852417       -0.007837928831577301
7.083333492279053       7.304575443267822       0.0       -1.1567015647888184       0.0004015233716927469       -0.716945469379425       -0.0075967623852193356
7.099999904632568       8.136425018310547       0.0       -0.9876829385757446       0.0003891687956638634       -1.803022861480713       -0.007363015785813332
7.116666793823242       9.779415130615234       0.0       0.12208809703588486       0.0003771943738684058       -3.550278425216675       -0.007136461324989796
7.133333206176758       6.2920002937316895       0.0       -0.38345715403556824       0.00036558840656653047       -3.284756660461426       -0.006916877813637257
7.150000095367432       7.0381927490234375       0.0       -0.48286598920822144       0.0003543395141605288       -2.598798990249634       -0.006704051047563553
7.166666507720947       7.27603816986084       0.0       -0.3602035939693451       0.0003434367827139795       -2.0939836502075195       -0.0064977724105119705
7.183333396911621       8.519908905029297       0.0       0.9512337446212769       0.00033286947291344404       -4.440656661987305       -0.006297840736806393
7.199999809265137       6.703416347503662       0.0       -0.14264322817325592       0.0003226273402106017       -0.44245874881744385       -0.006104061380028725
7.2166666984558105       7.710977554321289       0.0       1.304761290550232       0.00031270034378394485       -2.76228928565979       -0.005916243884712458
7.233333110809326       7.750654220581055       0.0       2.27978515625       0.0003030787920579314       -2.5771708488464355       -0.005734205711632967
7.25       7.317811489105225       0.0       2.121624708175659       0.00029375331359915435       -1.6928930282592773       -0.005557768512517214
7.266666889190674       7.481524467468262       0.0       3.2479629516601562       0.00028471474070101976       -2.212573766708374       -0.005386760458350182
7.2833333015441895       7.1737871170043945       0.0       3.717423439025879       0.0002759542840067297       -1.5473997592926025       -0.0052210139110684395
7.300000190734863       6.883480072021484       0.0       3.879009246826172       0.00026746338699012995       -1.1454828977584839       -0.005060367286205292
7.316666603088379       6.1371870040893555       0.0       2.783607244491577       0.0002592337259557098       1.2954339981079102       -0.004904663655906916
7.333333492279053       6.425125598907471       0.0       3.467231512069702       0.0002512573264539242       0.4392198324203491       -0.004753750748932362
7.349999904632568       6.974234104156494       0.0       5.110404014587402       0.0002435263158986345       -0.3803456425666809       -0.004607481881976128
7.366666793823242       7.412967681884766       0.0       6.559607982635498       0.00023603320005349815       -1.3469622135162354       -0.004465713165700436
7.383333206176758       7.273292541503906       0.0       6.76499080657959       0.00022877064475324005       -1.228350043296814       -0.004328306298702955
7.400000095367432       6.56379508972168       0.0       6.563991069793701       0.00022173154866322875       1.1369495391845703       -0.004195127636194229
7.416666507720947       6.606698989868164       0.0       9.883180618286133       0.00021490904327947646       0.5648201704025269       -0.004066046793013811
7.433333396911621       3.678774118423462       0.0       5.736390113830566       0.00020829644927289337       8.151878356933594       -0.003940937574952841
7.449999809265137       5.114254474639893       0.0       9.090204238891602       0.00020188733469694853       4.774704933166504       -0.0038196782115846872
7.4666666984558105       5.626082420349121       0.0       6.339189529418945       0.0001956754131242633       4.109593868255615       -0.0037021494936197996
7.483333110809326       5.992792129516602       0.0       8.575658798217773       0.00018965463095810264       1.8664385080337524       -0.0035882373340427876
7.5       4.330025672912598       0.0       6.75878381729126       0.00018381910922471434       6.364344120025635       -0.003477829974144697
7.516666889190674       5.1443610191345215       0.0       5.889991760253906       0.00017816312902141362       4.154143333435059       -0.0033708198461681604
7.5333333015441895       5.737843036651611       0.0       9.279162406921387       0.00017268118972424418       3.2841479778289795       -0.0032671024091541767
7.550000190734863       5.771366596221924       0.0       10.209494590759277       0.00016736792167648673       1.8082287311553955       -0.003166576148942113
7.566666603088379       5.270898342132568       0.0       7.068714618682861       0.00016221814439631999       3.9047677516937256       -0.003069143043830991
7.583333492279053       5.223865985870361       0.0       6.364620208740234       0.0001572268083691597       4.753279209136963       -0.002974707866087556
7.599999904632568       4.985026836395264       0.0       6.374914169311523       0.00015238906780723482       5.124973773956299       -0.0028831784147769213
7.616666793823242       4.693142890930176       0.0       4.932384490966797       0.00014770016423426569       6.211467742919922       -0.00279446505010128
7.633333206176758       4.855774879455566       0.0       4.334549427032471       0.0001431555429007858       6.257253170013428       -0.0027084816247224808
7.650000095367432       4.409237384796143       0.0       3.1131746768951416       0.00013875076547265053       7.665380477905273       -0.0026251436211168766
7.666666507720947       3.4772226810455322       0.0       1.6506422758102417       0.00013448151003103703       9.072256088256836       -0.002544370014220476
7.683333396911621       3.9286515712738037       0.0       0.783285915851593       0.00013034361472819       8.793968200683594       -0.002466081641614437
7.699999809265137       3.7415640354156494       0.0       -0.7648749947547913       0.0001263330486835912       9.459918022155762       -0.0023902023676782846
7.7166666984558105       5.057587623596191       0.0       1.1363104581832886       0.0001224458683282137       5.4122419357299805       -0.0023166576866060495
7.733333110809326       5.20020055770874       0.0       0.046237967908382416       0.00011867830471601337       4.932711601257324       -0.0022453758865594864
7.75       4.756478309631348       0.0       -1.220624566078186       0.00011502666893647984       5.726720809936523       -0.0021762873511761427
7.766666889190674       4.116600036621094       0.0       -3.0681991577148438       0.00011148738849442452       7.095170497894287       -0.0021093247924000025
7.7833333015441895       4.24559211730957       0.0       -4.420345783233643       0.00010805700730998069       7.173793315887451       -0.0020444223191589117
7.800000190734863       4.465308666229248       0.0       -5.775930881500244       0.0001047321711666882       7.368390083312988       -0.001981517067179084
7.816666603088379       4.365673542022705       0.0       -6.3185834884643555       0.00010150964226340875       6.532937049865723       -0.0019205473363399506
7.833333492279053       4.901153564453125       0.0       -6.200862884521484       9.838627011049539e-05       6.096525192260742       -0.0018614535219967365
7.849999904632568       4.165460586547852       0.0       -9.840178489685059       9.535899880575016e-05       7.011671543121338       -0.0018041781149804592
7.866666793823242       5.994029521942139       0.0       -8.372118949890137       9.242488158633932e-05       2.380134344100952       -0.0017486648866906762
7.883333206176758       7.303036689758301       0.0       -6.6558613777160645       8.958103717304766e-05       -1.8141827583312988       -0.0016948598204180598
7.900000095367432       4.892369270324707       0.0       -2.7953169345855713       8.682469342602417e-05       5.43140172958374       -0.0016427102964371443
7.916666507720947       5.525163173675537       0.0       -5.7300496101379395       8.415316551690921e-05       3.615734100341797       -0.0015921653248369694
7.933333396911621       5.745916843414307       0.0       -4.418463230133057       8.15638413769193e-05       2.3290369510650635       -0.0015431756619364023
7.949999809265137       5.908664703369141       0.0       -4.618288993835449       7.905418169684708e-05       1.8339546918869019       -0.0014956933446228504
7.9666666984558105       5.285587310791016       0.0       -5.585661888122559       7.66217490308918e-05       2.853187322616577       -0.0014496720395982265
7.983333110809326       5.525392532348633       0.0       -5.215325355529785       7.426415686495602e-05       2.8334317207336426       -0.0014050666941329837
8.0       5.435011863708496       0.0       -4.9687042236328125       7.197910599643365e-05       2.02690052986145       -0.0013618338853120804
8.016666412353516       5.528414726257324       0.0       -5.06435489654541       6.976436270633712e-05       2.4250314235687256       -0.0013199313543736935
8.033333778381348       6.332952976226807       0.0       -4.624424457550049       6.761776603525504e-05       1.628583550453186       -0.001279318006709218
8.050000190734863       6.2164506912231445       0.0       -4.530616760253906       6.553722050739452e-05       0.992621660232544       -0.0012399543775245547
8.066666603088379       6.258357048034668       0.0       -4.5062432289123535       6.352068885462359e-05       0.5014736652374268       -0.0012018019333481789
8.083333015441895       6.423985004425049       0.0       -4.1898088455200195       6.15662065683864e-05       0.17416460812091827       -0.0011648234212771058
8.100000381469727       6.183088302612305       0.0       -4.170322895050049       5.967186007183045e-05       0.5364569425582886       -0.0011289827525615692
8.116666793823242       6.322370529174805       0.0       -4.769016742706299       5.783580490970053e-05       0.43044164776802063       -0.0010942447697743773
8.133333206176758       6.92335844039917       0.0       -3.1126863956451416       5.6056240282487124e-05       -1.0022028684616089       -0.0010605757124722004
8.149999618530273       6.4070563316345215       0.0       -5.0134968757629395       5.4331434512278065e-05       1.0844004154205322       -0.0010279426351189613
8.166666984558105       6.912422180175781       0.0       -3.9389853477478027       5.265969593892805e-05       -0.507037878036499       -0.0009963136399164796
8.183333396911621       6.472090721130371       0.0       -4.3039140701293945       5.103939838591032e-05       0.06103620305657387       -0.0009656578185968101
8.199999809265137       6.775428295135498       0.0       -3.7589123249053955       4.946895569446497e-05       -0.8099767565727234       -0.0009359452524222434
8.216666221618652       6.379733562469482       0.0       -3.907930374145508       4.794683263753541e-05       -0.5267047882080078       -0.0009071469539776444
8.233333587646484       7.358888626098633       0.0       -2.513413906097412       4.6471548557747155e-05       -2.022826671600342       -0.0008792347507551312
8.25       6.729781150817871       0.0       -4.221904277801514       4.504165190155618e-05       -1.1359668970108032       -0.0008521813433617353
8.266666412353516       7.303127288818359       0.0       -3.6028640270233154       4.365575659903698e-05       -2.272688865661621       -0.0008259603637270629
8.283333778381348       7.4733381271362305       0.0       -2.9475462436676025       4.2312502046115696e-05       -2.4268500804901123       -0.0008005462004803121
8.300000190734863       7.127829551696777       0.0       -3.251128911972046       4.1010578570421785e-05       -2.7184994220733643       -0.0007759140571579337
8.316666603088379       7.598174571990967       0.0       -3.1023411750793457       3.974871651735157e-05       -3.7467308044433594       -0.0007520397775806487
8.333333015441895       7.253661632537842       0.0       -3.4255106449127197       3.852567897411063e-05       -3.0029001235961914       -0.0007289000786840916
8.350000381469727       7.073121547698975       0.0       -3.249340295791626       3.7340272683650255e-05       -2.254723072052002       -0.000706472375895828
8.366666793823242       6.890550136566162       0.0       -2.75980806350708       3.619134076870978e-05       -2.4962825775146484       -0.0006847347831353545
8.383333206176758       7.051302433013916       0.0       -1.4627094268798828       3.507776273181662e-05       -3.052675724029541       -0.0006636659963987768
8.399999618530273       6.146534442901611       0.0       -1.4642592668533325       3.399844354134984e-05       -0.5705558061599731       -0.0006432455265894532
8.416666984558105       6.141332626342773       0.0       -1.8806089162826538       3.2952339097391814e-05       -0.17493870854377747       -0.0006234533502720296
8.433333396911621       5.714793682098389       0.0       -1.1861943006515503       3.1938419851940125e-05       0.6463394165039062       -0.0006042701425030828
8.449999809265137       5.714793682098389       0.0       -1.1861943006515503       3.0955699912738055e-05       0.6463394165039062       -0.0005856772186234593
8.466666221618652       5.714793682098389       0.0       -1.1861943006515503       3.0003217034391128e-05       0.6463394165039062       -0.0005676564178429544
8.483333587646484       3.1531364917755127       0.0       -1.4332149028778076       2.908004171331413e-05       4.237871170043945       -0.0005501900450326502
8.5       1.5691919326782227       0.0       0.006184383761137724       2.8185271730762906e-05       5.501285076141357       -0.0005332611035555601
8.516666412353516       0.9266724586486816       0.0       0.8664088249206543       2.731803215283435e-05       5.365059852600098       -0.0005168530624359846
8.533333778381348       0.9266724586486816       0.0       0.8664088249206543       2.6477477149455808e-05       5.365059852600098       -0.0005009499145671725
8.550000190734863       0.394159734249115       0.0       0.2870919406414032       2.5662786356406286e-05       8.003434181213379       -0.00048553606029599905
8.566666603088379       0.7997917532920837       0.0       0.31409478187561035       2.4873161237337627e-05       7.2610087394714355       -0.0004705964820459485
8.583333015441895       1.042685866355896       0.0       0.5430665016174316       2.410783235973213e-05       6.7066497802734375       -0.00045611659879796207
8.600000381469727       1.0902951955795288       0.0       0.8447485566139221       2.336605393793434e-05       6.090967655181885       -0.0004420822369866073
8.616666793823242       0.9206996560096741       0.0       1.3390486240386963       2.264709837618284e-05       5.919589042663574       -0.00042847971781156957
8.633333206176758       1.5810950994491577       0.0       1.5021666288375854       2.1950265363557264e-05       5.201661109924316       -0.00041529571171849966
8.649999618530273       0.8209745287895203       0.0       0.635505735874176       2.127487096004188e-05       6.568294525146484       -0.00040251738391816616
8.666666984558105       1.2913289070129395       0.0       0.7612234950065613       2.0620260329451412e-05       6.658525466918945       -0.00039013224886730313
8.683333396911621       0.4588153660297394       0.0       0.03132325038313866       1.9985791368526407e-05       7.5659942626953125       -0.0003781281702686101
8.699999809265137       0.5472686290740967       0.0       0.13935409486293793       1.9370843801880255e-05       7.428072452545166       -0.0003664934483822435
8.716666221618652       0.5415952801704407       0.0       0.10326021909713745       1.8774817363009788e-05       7.549676418304443       -0.0003552167327143252
8.733333587646484       0.4361897110939026       0.0       0.15749984979629517       1.819712997530587e-05       7.848507404327393       -0.00034428699291311204
8.75       0.5818173885345459       0.0       0.2166963517665863       1.7637219571042806e-05       7.768872261047363       -0.00033369354787282646
8.766666412353516       1.2278363704681396       0.0       1.0721467733383179       1.709453499643132e-05       6.281598091125488       -0.0003234260657336563
8.783333778381348       1.5615490674972534       0.0       1.2579114437103271       1.6568548744544387e-05       5.749732494354248       -0.0003134744765702635
8.800000190734863       0.6377166509628296       0.0       0.07267645001411438       1.6058747860370204e-05       7.066462993621826       -0.0003038291179109365
8.816666603088379       1.3636819124221802       0.0       1.3098567724227905       1.5564632121822797e-05       5.86091423034668       -0.00029448053101077676
8.833333015441895       0.7962170243263245       0.0       -0.018721818923950195       1.508572131569963e-05       7.147226333618164       -0.00028541957726702094
8.850000381469727       1.2852567434310913       0.0       1.4763860702514648       1.4621545233239885e-05       5.268246650695801       -0.00027663743821904063
8.866666793823242       0.8565491437911987       0.0       1.042128324508667       1.4171650946082082e-05       6.4188313484191895       -0.0002681255282368511
8.883333206176758       1.0976333618164062       0.0       0.989896297454834       1.3735600077779964e-05       6.296929359436035       -0.00025987549452111125
8.899999618530273       0.9584674835205078       0.0       0.44191843271255493       1.3312966984813102e-05       7.094488620758057       -0.0002518793335184455
8.916666984558105       1.2825894355773926       0.0       1.1478379964828491       1.2903336937597487e-05       6.3962788581848145       -0.00024412920174654573
8.933333396911621       0.45204731822013855       0.0       0.29281365871429443       1.2506310667959042e-05       8.122712135314941       -0.00023661753220949322
8.949999809265137       -0.2091844528913498       0.0       -0.27292823791503906       1.2121501640649512e-05       9.121271133422852       -0.0002293370052939281
8.966666221618652       1.1483498811721802       0.0       2.339060068130493       1.1748532415367663e-05       6.569444179534912       -0.0002222804760094732
8.983333587646484       0.4809407591819763       0.0       1.020349144935608       1.1387039194232784e-05       8.474249839782715       -0.00021544107585214078
9.0       1.687570571899414       0.0       2.936363458633423       1.1036668183805887e-05       5.320429801940918       -0.000208812125492841
9.016666412353516       1.088425636291504       0.0       2.9399893283843994       1.0697078323573805e-05       6.072296142578125       -0.00020238713477738202
9.033333778381348       1.0765364170074463       0.0       3.5303702354431152       1.0367937647970393e-05       6.185785293579102       -0.0001961598318303004
9.050000190734863       1.000810146331787       0.0       3.0331051349639893       1.0048924195871223e-05       6.854651927947998       -0.0001901241485029459
9.066666603088379       1.1572816371917725       0.0       3.866959810256958       9.739726920088287e-06       5.685082912445068       -0.00018427417671773583
9.083333015441895       1.209926724433899       0.0       3.174820899963379       9.440042958885897e-06       6.512146472930908       -0.00017860419757198542
9.100000381469727       1.3320808410644531       0.0       4.49688720703125       9.149580364464782e-06       6.043753147125244       -0.0001731086813379079
9.116666793823242       1.404008388519287       0.0       5.082002639770508       8.868054464983288e-06       5.599482536315918       -0.00016778225835878402
9.133333206176758       1.0751330852508545       0.0       4.60969352722168       8.595191502536181e-06       6.207272529602051       -0.00016261973360087723
9.149999618530273       1.1066919565200806       0.0       5.311394691467285       8.33072408568114e-06       6.362069129943848       -0.00015761604299768806
9.166666984558105       1.201523780822754       0.0       6.016059398651123       8.074393917922862e-06       6.1399688720703125       -0.00015276632620953023
9.183333396911621       1.2052792310714722       0.0       4.834681510925293       7.825950888218358e-06       6.894393444061279       -0.0001480658247601241
9.199999809265137       0.6565945744514465       0.0       3.8942739963531494       7.585152616229607e-06       8.09615421295166       -0.00014350995479617268
9.216666221618652       1.2035906314849854       0.0       5.576329708099365       7.351763088081498e-06       6.303655624389648       -0.00013909426343161613
9.233333587646484       1.430642008781433       0.0       5.759676456451416       7.125554930098588e-06       6.137951850891113       -0.00013481444329954684
9.25       0.874336838722229       0.0       4.908732891082764       6.906307135068346e-06       6.57411003112793       -0.00013066630344837904
9.266666412353516       0.6695438027381897       0.0       5.291837215423584       6.693805516988505e-06       6.124542236328125       -0.00012664579844567925
9.283333778381348       0.8992264270782471       0.0       5.278334617614746       6.487842256319709e-06       7.2410969734191895       -0.0001227489992743358
9.300000190734863       1.299885630607605       0.0       5.288960933685303       6.288216354732867e-06       6.247889995574951       -0.00011897211516043171
9.316666603088379       1.0495744943618774       0.0       5.507322788238525       6.094732725614449e-06       6.1919684410095215       -0.00011531143536558375
9.333333015441895       1.2749587297439575       0.0       6.494421482086182       5.907202648813836e-06       4.803449630737305       -0.00011176338739460334
9.350000381469727       1.6950575113296509       0.0       7.056183338165283       5.725442406401271e-06       4.798972129821777       -0.00010832451516762376
9.366666793823242       0.5833097100257874       0.0       4.733692646026611       5.549275101657258e-06       7.426405906677246       -0.00010499144991626963
9.383333206176758       1.1320911645889282       0.0       5.722378253936768       5.3785279305884615e-06       6.272500038146973       -0.00010176094656344503
9.399999618530273       1.1441478729248047       0.0       5.674134254455566       5.213034910411807e-06       6.282863616943359       -9.862984006758779e-05
9.416666984558105       1.1905263662338257       0.0       5.473235130310059       5.052633696323028e-06       6.511853218078613       -9.559507452649996e-05
9.433333396911621       1.7239441871643066       0.0       6.694167613983154       4.8971683099807706e-06       5.06643009185791       -9.265368862543255e-05
9.449999809265137       1.067859411239624       0.0       5.77221155166626       4.746485956275137e-06       5.956099510192871       -8.980280836112797e-05
9.466666221618652       1.2689646482467651       0.0       5.626817226409912       4.600440206559142e-06       6.23347282409668       -8.703963976586238e-05
9.483333587646484       1.4331164360046387       0.0       6.0547776222229       4.458888270164607e-06       5.69866943359375       -8.436149801127613e-05
9.5       0.9653171300888062       0.0       5.084867477416992       4.321691903896863e-06       6.596998691558838       -8.176576375262812e-05
9.516666412353516       0.8046989440917969       0.0       5.026193141937256       4.188716502540046e-06       7.351311206817627       -7.924989040475339e-05
9.533333778381348       1.4082852602005005       0.0       5.748318672180176       4.0598329178465065e-06       5.710395812988281       -7.681143324589357e-05
9.550000190734863       1.4716945886611938       0.0       6.085445880889893       3.9349151848000474e-06       5.753733158111572       -7.444800576195121e-05
9.566666603088379       0.6008922457695007       0.0       5.093600273132324       3.8138407489896053e-06       7.465726375579834       -7.2157294198405e-05
9.583333015441895       1.157606601715088       0.0       6.055618762969971       3.6964918308513006e-06       5.64244270324707       -6.9937072112225e-05
9.600000381469727       1.3462579250335693       0.0       6.348066806793213       3.5827536066790344e-06       5.329714775085449       -6.778516399208456e-05
9.616666793823242       1.0552482604980469       0.0       5.9990386962890625       3.4725151181191904e-06       6.147683143615723       -6.56994670862332e-05
9.633333206176758       1.2634620666503906       0.0       6.274206638336182       3.365668362675933e-06       6.0798869132995605       -6.367794412653893e-05
9.649999618530273       1.058911681175232       0.0       6.047440528869629       3.262109430579585e-06       5.8895673751831055       -6.171862332848832e-05
9.666666984558105       1.1191844940185547       0.0       5.619367599487305       3.161736685797223e-06       6.233138561248779       -5.9819587477250025e-05
9.683333396911621       1.44248366355896       0.0       5.510352611541748       3.0644525850220816e-06       6.377554893493652       -5.7978984841611236e-05
9.699999809265137       1.3021396398544312       0.0       5.793392658233643       2.970161631310475e-06       5.82942533493042       -5.6195014622062445e-05
9.716666221618652       0.651910126209259       0.0       5.387393951416016       2.8787721930711996e-06       7.285112380981445       -5.446593786473386e-05
9.733333587646484       1.256028175354004       0.0       5.980906963348389       2.790194457702455e-06       5.964053153991699       -5.2790062909480184e-05
9.75       1.5010071992874146       0.0       5.459170341491699       2.704342477954924e-06       6.020011901855469       -5.116575266583823e-05
9.766666412353516       1.4423410892486572       0.0       6.205513000488281       2.621131898195017e-06       5.242861747741699       -4.95914246130269e-05
9.783333778381348       0.9780634641647339       0.0       5.019931793212891       2.540481546020601e-06       7.051602363586426       -4.8065532610053197e-05
9.800000190734863       1.4217277765274048       0.0       6.242455959320068       2.4623129775136476e-06       5.79690408706665       -4.658659236156382e-05
9.816666603088379       0.5714036226272583       0.0       4.953699111938477       2.386549567745533e-06       7.368841171264648       -4.515315958997235e-05
9.833333015441895       1.368072509765625       0.0       6.4896087646484375       2.313117192898062e-06       5.416443347930908       -4.376383367343806e-05
9.850000381469727       1.2938544750213623       0.0       5.626838207244873       2.241944457637146e-06       5.499759197235107       -4.2417254007887095e-05
9.866666793823242       0.9684191346168518       0.0       5.203488826751709       2.172961558244424e-06       7.126255512237549       -4.11121072829701e-05
9.883333206176758       0.6488938331604004       0.0       5.090973854064941       2.1061011921119643e-06       7.583231449127197       -3.984712020610459e-05
