t       fx       vx       fy       vy       fz       vz
0.0       2.2995851039886475       0.0       -0.8634150624275208       0.0       -4.271154403686523       0.0
0.01666666753590107       1.8659191131591797       0.0       -1.4267561435699463       0.0       -6.266825199127197       0.0
0.03333333507180214       2.525580406188965       0.0       -0.7982330918312073       0.0       -5.292198181152344       0.0
0.05000000074505806       4.153268337249756       0.0       -1.5240931510925293       0.0       -5.381056785583496       0.0
0.06666667014360428       5.770791530609131       0.0       -1.4597302675247192       0.0       -6.245465278625488       0.0
0.0833333358168602       6.480262279510498       0.0       -1.4000471830368042       0.0       -5.926224231719971       0.0
0.10000000149011612       4.190578460693359       0.0       -2.9937384128570557       0.0       -5.837979793548584       0.0
0.11666666716337204       7.208033561706543       0.0       -3.200385332107544       0.0       -7.339964389801025       0.0
0.13333334028720856       6.998927593231201       0.0       -3.841132164001465       0.0       -6.578887939453125       0.0
0.15000000596046448       7.788001537322998       0.0       -3.611891508102417       0.0       -7.558090686798096       0.0
0.1666666716337204       6.830914497375488       0.0       -4.1418352127075195       0.0       -7.0951056480407715       0.0
0.18333333730697632       6.6464033126831055       0.0       -4.4983344078063965       0.0       -6.8379974365234375       0.0
0.20000000298023224       6.83610725402832       0.0       -3.7020978927612305       0.0       -7.856832981109619       0.0
0.21666666865348816       7.024326324462891       0.0       -3.532402992248535       0.0       -7.762200832366943       0.0
0.23333333432674408       7.197265148162842       0.0       -2.7062556743621826       0.0       -8.07995319366455       0.0
0.25       7.170265197753906       0.0       -3.353029251098633       0.0       -7.745270729064941       0.0
0.2666666805744171       7.37980318069458       0.0       -3.1709799766540527       0.0       -7.738762378692627       0.0
0.28333333134651184       6.842501640319824       0.0       -2.9432244300842285       0.0       -7.3111138343811035       0.0
0.30000001192092896       7.197303771972656       0.0       -3.3747761249542236       0.0       -8.763161659240723       0.0
0.3166666626930237       7.459994316101074       0.0       -3.353191614151001       0.0       -8.933052062988281       0.0
0.3333333432674408       6.971461296081543       0.0       -3.4069113731384277       0.0       -7.710615634918213       0.0
0.3499999940395355       6.988957405090332       0.0       -3.0994622707366943       0.0       -8.304644584655762       0.0
0.36666667461395264       7.250613689422607       0.0       -3.0973713397979736       0.0       -8.448810577392578       0.0
0.38333332538604736       6.780090808868408       0.0       -3.3271420001983643       0.0       -7.1800665855407715       0.0
0.4000000059604645       7.4953083992004395       0.0       -2.991464138031006       0.0       -9.34242057800293       0.0
0.4166666567325592       7.730034351348877       0.0       -2.714869499206543       0.0       -9.836000442504883       0.0
0.4333333373069763       7.65120792388916       0.0       -3.4396896362304688       0.0       -9.679890632629395       0.0
0.44999998807907104       7.129021644592285       0.0       -3.4636569023132324       0.0       -8.919605255126953       0.0
0.46666666865348816       7.62026309967041       0.0       -3.4864485263824463       0.0       -9.942657470703125       0.0
0.4833333194255829       7.5024309158325195       0.0       -2.903599262237549       0.0       -9.338397026062012       0.0
0.5       7.798294544219971       0.0       -2.943297863006592       0.0       -9.300875663757324       0.0
0.5166666507720947       7.382925510406494       0.0       -3.1335361003875732       0.0       -8.944320678710938       0.0
0.5333333611488342       7.1227874755859375       0.0       -3.4014594554901123       0.0       -8.386977195739746       0.0
0.550000011920929       7.16104793548584       0.0       -3.560169219970703       0.0       -8.932722091674805       0.0
0.5666666626930237       7.85997200012207       0.0       -3.0339810848236084       0.0       -10.284239768981934       0.0
0.5833333134651184       7.576902866363525       0.0       -3.1051735877990723       0.0       -9.702162742614746       0.0
0.6000000238418579       7.645801067352295       0.0       -3.660259962081909       0.0       -8.710731506347656       0.0
0.6166666746139526       7.453548431396484       0.0       -3.145124912261963       0.0       -9.75817584991455       0.0
0.6333333253860474       7.867305755615234       0.0       -2.331639528274536       0.0       -10.423519134521484       0.0
0.6499999761581421       6.982954502105713       0.0       -3.4310519695281982       0.0       -9.099254608154297       0.0
0.6666666865348816       7.912450790405273       0.0       -2.9478938579559326       0.0       -10.421653747558594       0.0
0.6833333373069763       7.87476110458374       0.0       -2.8376691341400146       0.0       -10.270149230957031       0.0
0.699999988079071       7.547976016998291       0.0       -3.2096054553985596       0.0       -9.85598373413086       0.0
0.7166666388511658       7.24212121963501       0.0       -3.0056235790252686       0.0       -9.120171546936035       0.0
0.7333333492279053       7.765207290649414       0.0       -2.8632147312164307       0.0       -10.328973770141602       0.0
0.75       7.316285610198975       0.0       -3.0200178623199463       0.0       -9.107345581054688       0.0
0.7666666507720947       7.3895368576049805       0.0       -3.314588785171509       0.0       -9.1148681640625       0.0
0.7833333611488342       7.543513298034668       0.0       -3.151292324066162       0.0       -9.682048797607422       0.0
0.800000011920929       7.465826988220215       0.0       -2.949064016342163       0.0       -9.460260391235352       0.0
0.8166666626930237       7.9830498695373535       0.0       -2.8198659420013428       0.0       -9.697357177734375       0.0
0.8333333134651184       7.618274688720703       0.0       -3.4177615642547607       0.0       -9.564550399780273       0.0
0.8500000238418579       7.196333408355713       0.0       -3.6975278854370117       0.0       -9.494336128234863       0.0
0.8666666746139526       7.358609676361084       0.0       -2.9394285678863525       0.0       -9.025794982910156       0.0
0.8833333253860474       7.937078952789307       0.0       -3.486510992050171       0.0       -10.173979759216309       0.0
0.8999999761581421       7.709892272949219       0.0       -3.075681686401367       0.0       -9.589781761169434       0.0
0.9166666865348816       7.117214202880859       0.0       -3.5359630584716797       0.0       -8.720589637756348       0.0
0.9333333373069763       7.627191066741943       0.0       -3.44130539894104       0.0       -8.808841705322266       0.0
0.949999988079071       7.355280876159668       0.0       -3.31366229057312       0.0       -9.561161994934082       0.0
0.9666666388511658       6.861116409301758       0.0       -3.243381977081299       0.0       -8.285747528076172       0.0
0.9833333492279053       7.8368096351623535       0.0       -2.7954347133636475       0.0       -10.670093536376953       0.0
1.0       7.3119120597839355       0.0       -3.04665470123291       0.0       -9.015114784240723       0.0
1.0166666507720947       8.299945831298828       0.0       -2.8458054065704346       0.0       -11.163900375366211       0.0
1.0333333015441895       7.563956260681152       0.0       -3.3478543758392334       0.0       -10.056795120239258       0.0
1.0499999523162842       7.932094097137451       0.0       -2.6524269580841064       0.0       -9.599512100219727       0.0
1.0666667222976685       7.827194690704346       0.0       -3.4548354148864746       0.0       -9.461248397827148       0.0
1.0833333730697632       7.083761215209961       0.0       -3.434750556945801       0.0       -8.880772590637207       0.0
1.100000023841858       7.272855758666992       0.0       -2.81115460395813       0.0       -8.886865615844727       0.0
1.1166666746139526       7.200964450836182       0.0       -3.3658862113952637       0.0       -8.635019302368164       0.0
1.1333333253860474       7.440007209777832       0.0       -3.3687453269958496       0.0       -9.300405502319336       0.0
1.149999976158142       8.030647277832031       0.0       -2.9104299545288086       0.0       -10.811775207519531       0.0
1.1666666269302368       8.295564651489258       0.0       -3.3607027530670166       0.0       -10.713663101196289       0.0
1.1833332777023315       7.290853977203369       0.0       -3.16855525970459       0.0       -8.63156509399414       0.0
1.2000000476837158       8.17271614074707       0.0       -3.051485300064087       0.0       -10.643614768981934       0.0
1.2166666984558105       7.790747165679932       0.0       -2.839557409286499       0.0       -9.75679874420166       0.0
1.2333333492279053       7.5361480712890625       0.0       -3.1085047721862793       0.0       -9.114279747009277       0.0
1.25       8.190274238586426       0.0       -3.429251194000244       0.0       -10.590485572814941       0.0
1.2666666507720947       7.534278392791748       0.0       -3.9023818969726562       0.0       -8.912308692932129       0.0
1.2833333015441895       7.803430557250977       0.0       -3.013781785964966       0.0       -10.081318855285645       0.0
1.2999999523162842       7.336345195770264       0.0       -3.326451301574707       0.0       -9.623759269714355       0.0
1.3166667222976685       7.872836112976074       0.0       -3.1501498222351074       0.0       -11.534628868103027       0.0
1.3333333730697632       7.477160930633545       0.0       -3.2648427486419678       0.0       -8.560262680053711       0.0
1.350000023841858       7.326737880706787       0.0       -2.9115254878997803       0.0       -8.606026649475098       0.0
1.3666666746139526       7.264945983886719       0.0       -3.0265743732452393       0.0       -8.659378051757812       0.0
1.3833333253860474       7.373646259307861       0.0       -3.4574599266052246       0.0       -9.522080421447754       0.0
1.399999976158142       8.077892303466797       0.0       -3.7130825519561768       0.0       -10.892350196838379       0.0
1.4166666269302368       8.064611434936523       0.0       -3.289454460144043       0.0       -10.464316368103027       0.0
1.4333332777023315       7.735996723175049       0.0       -2.7987117767333984       0.0       -9.634079933166504       0.0
1.4500000476837158       7.54374361038208       0.0       -3.013932228088379       0.0       -9.055001258850098       0.0
1.4666666984558105       7.33620023727417       0.0       -2.818230628967285       0.0       -8.658310890197754       0.0
1.4833333492279053       7.164402961730957       0.0       -2.3650012016296387       0.0       -9.279409408569336       0.0
1.5       7.705429553985596       0.0       -3.155900001525879       0.0       -9.88980484008789       0.0
1.5166666507720947       7.6291069984436035       0.0       -3.7639453411102295       0.0       -9.23527717590332       0.0
1.5333333015441895       7.87858772277832       0.0       -3.222317934036255       0.0       -9.997130393981934       0.0
1.5499999523162842       7.597091197967529       0.0       -2.874659299850464       0.0       -9.214859962463379       0.0
1.5666667222976685       8.015188217163086       0.0       -2.8350930213928223       0.0       -10.282268524169922       0.0
1.5833333730697632       7.690328598022461       0.0       -3.4370169639587402       0.0       -9.180058479309082       0.0
1.600000023841858       7.716757297515869       0.0       -2.769132614135742       0.0       -9.889801025390625       0.0
1.6166666746139526       7.434510231018066       0.0       -2.765504837036133       0.0       -8.342207908630371       0.0
1.6333333253860474       7.7917160987854       0.0       -2.756147861480713       0.0       -10.187036514282227       0.0
1.649999976158142       7.489361763000488       0.0       -3.2249062061309814       0.0       -9.76452922821045       0.0
1.6666666269302368       7.693248271942139       0.0       -2.5354208946228027       0.0       -9.457032203674316       0.0
1.6833332777023315       8.014043807983398       0.0       -3.312286853790283       0.0       -10.448633193969727       0.0
1.7000000476837158       7.550443172454834       0.0       -3.344928741455078       0.0       -9.905048370361328       0.0
1.7166666984558105       7.984294414520264       0.0       -3.142855167388916       0.0       -9.905942916870117       0.0
1.7333333492279053       7.861065864562988       0.0       -3.031104564666748       0.0       -10.873270988464355       0.0
1.75       7.441997051239014       0.0       -3.7596046924591064       0.0       -9.168484687805176       0.0
1.7666666507720947       7.4072113037109375       0.0       -4.035849094390869       0.0       -9.026934623718262       0.0
1.7833333015441895       7.538025379180908       0.0       -3.5600075721740723       0.0       -8.936994552612305       0.0
1.7999999523162842       7.33867883682251       0.0       -3.571805477142334       0.0       -9.444360733032227       0.0
1.8166667222976685       7.751950263977051       0.0       -3.173428773880005       0.0       -9.885918617248535       0.0
1.8333333730697632       7.569572448730469       0.0       -3.202025890350342       0.0       -8.975737571716309       0.0
1.850000023841858       7.392947673797607       0.0       -3.562830924987793       0.0       -9.162979125976562       0.0
1.8666666746139526       7.079121112823486       0.0       -3.2197577953338623       0.0       -9.042692184448242       0.0
1.8833333253860474       7.437662601470947       0.0       -2.681049108505249       0.0       -9.132439613342285       0.0
1.899999976158142       7.247476577758789       0.0       -3.4946091175079346       0.0       -9.35033893585205       0.0
1.9166666269302368       7.49831485748291       0.0       -3.0919477939605713       0.0       -9.497825622558594       0.0
1.9333332777023315       7.665223598480225       0.0       -3.1432721614837646       0.0       -9.902613639831543       0.0
1.9500000476837158       7.4922614097595215       0.0       -3.5005226135253906       0.0       -9.720760345458984       0.0
1.9666666984558105       7.727095603942871       0.0       -2.9207823276519775       0.0       -8.967815399169922       0.0
1.9833333492279053       7.077892780303955       0.0       -2.7407402992248535       0.0       -8.496925354003906       0.0
2.0       7.924121379852295       0.0       -3.6717262268066406       0.0       -10.049667358398438       0.0
2.0166666507720947       7.665151119232178       0.0       -2.9949862957000732       0.0       -9.42068099975586       0.0
2.0333333015441895       7.376193523406982       0.0       -3.6574316024780273       0.0       -9.166121482849121       0.0
2.049999952316284       7.268343925476074       0.0       -3.3421688079833984       0.0       -9.172948837280273       0.0
2.066666603088379       7.259632110595703       0.0       -3.702240228652954       0.0       -8.981961250305176       0.0
2.0833332538604736       7.437110424041748       0.0       -2.735898971557617       0.0       -9.392985343933105       0.0
2.0999999046325684       8.156623840332031       0.0       -2.676288604736328       0.0       -10.619488716125488       0.0
2.116666555404663       7.639839172363281       0.0       -3.2661540508270264       0.0       -9.59447956085205       0.0
2.133333444595337       7.622163772583008       0.0       -3.360886335372925       0.0       -10.119909286499023       0.0
2.1500000953674316       7.672025680541992       0.0       -3.493246078491211       0.0       -10.094578742980957       0.0
2.1666667461395264       8.058753967285156       0.0       -2.9625465869903564       0.0       -10.6933012008667       0.0
2.183333396911621       7.677734375       0.0       -3.3415687084198       0.0       -10.276412010192871       0.0
2.200000047683716       7.799366474151611       0.0       -3.3166050910949707       0.0       -9.118247032165527       0.0
2.2166666984558105       7.806346893310547       0.0       -3.3605594635009766       0.0       -9.969406127929688       0.0
2.2333333492279053       7.731743812561035       0.0       -3.8383376598358154       0.0       -9.775745391845703       0.0
2.25       7.747032165527344       0.0       -3.3824517726898193       0.0       -9.507448196411133       0.0
2.2666666507720947       7.599462985992432       0.0       -2.979353189468384       0.0       -8.55148696899414       0.0
2.2833333015441895       7.2827959060668945       0.0       -3.021688461303711       0.0       -8.36659049987793       0.0
2.299999952316284       5.657901287078857       0.0       -3.135016441345215       0.0       -1.6250487565994263       0.0
2.316666603088379       5.561506748199463       0.0       -2.8476779460906982       0.0       -1.7675038576126099       0.0
2.3333332538604736       4.7729644775390625       0.0       -2.394489288330078       0.0       0.9364231824874878       0.0
2.3499999046325684       4.568674564361572       0.0       -2.6586248874664307       0.0       2.100637435913086       0.0
2.366666555404663       4.9732441902160645       0.0       -1.7572932243347168       0.0       2.3631439208984375       0.0
2.383333444595337       3.9323883056640625       0.0       0.5703098773956299       0.0       9.242304801940918       0.0
2.4000000953674316       3.474492311477661       0.0       -0.7896643280982971       0.0       13.829142570495605       0.0
2.4166667461395264       3.4282333850860596       0.0       -0.6472242474555969       0.0       13.87739372253418       0.0
2.433333396911621       4.200878620147705       0.0       0.14491088688373566       0.0       15.7467622756958       0.0
2.450000047683716       5.307352542877197       0.0       1.2859498262405396       0.0       17.237476348876953       0.0
2.4666666984558105       8.577043533325195       0.0       1.6836267709732056       0.0       19.899518966674805       0.0
2.4833333492279053       9.911191940307617       0.0       2.7580490112304688       0.0       23.034032821655273       0.0
2.5       10.430465698242188       0.0       3.2503483295440674       0.0       24.9665584564209       0.0
2.5166666507720947       11.818559646606445       0.0       3.75118088722229       0.0       29.259700775146484       0.0
2.5333333015441895       11.70186996459961       0.0       4.482950687408447       0.0       31.419157028198242       0.0
2.549999952316284       11.92071533203125       0.0       4.980274200439453       0.0       33.65581130981445       0.0
2.566666603088379       11.866534233093262       0.004829960875213146       5.178964138031006       0.0       35.20524597167969       0.0
2.5833332538604736       11.899680137634277       0.009537682868540287       4.9553608894348145       0.0       38.196922302246094       0.0
2.5999999046325684       9.74530029296875       0.009244215674698353       5.93179178237915       0.0       37.07109451293945       0.0
2.616666555404663       10.457221984863281       0.008959777653217316       7.230570316314697       0.0       40.254638671875       0.0
2.633333444595337       5.498437404632568       0.008684092201292515       2.9504432678222656       0.0       36.592342376708984       0.0
2.6500000953674316       3.7156026363372803       0.008416890166699886       4.591039180755615       0.0       35.175048828125       0.0
2.6666667461395264       6.17501163482666       0.008157908916473389       -3.8197970390319824       0.0       27.106950759887695       0.0
2.683333396911621       5.358238220214844       0.007906896062195301       0.41672199964523315       0.0       26.708066940307617       0.0
2.700000047683716       7.1343560218811035       0.0076636066660285       -7.333507537841797       0.0       16.020288467407227       0.0
2.7166666984558105       9.549447059631348       0.007427803706377745       -5.533799648284912       0.0       9.26754093170166       0.0
2.7333333492279053       4.549699783325195       0.007199255749583244       -8.508933067321777       0.0       18.514690399169922       0.0
2.75       0.449266642332077       0.0069777402095496655       -10.716607093811035       0.0       25.945402145385742       0.0
2.7666666507720947       4.422432899475098       0.00676304055377841       -7.558762550354004       0.0       22.732751846313477       0.0
2.7833333015441895       9.483808517456055       0.006554946769028902       -8.78516674041748       0.0       16.882369995117188       0.0
2.799999952316284       2.9326908588409424       0.006353256292641163       -4.521238803863525       0.0       37.230712890625       0.0
2.816666603088379       3.4338862895965576       0.006157771218568087       -4.508474349975586       0.0       34.28559875488281       0.0
2.8333332538604736       1.8764370679855347       0.005968301557004452       -5.200056552886963       0.0       40.664974212646484       0.0
2.8499999046325684       8.452420234680176       0.0057846615090966225       -2.2816264629364014       0.0       25.931901931762695       0.0
2.866666555404663       5.088441371917725       0.005606671795248985       -6.081019401550293       0.0       26.179683685302734       0.0
2.883333444595337       8.083735466003418       0.0054341587238013744       -12.658520698547363       0.0       24.6884708404541       0.0
2.9000000953674316       5.027092456817627       0.005266954191029072       -20.876144409179688       0.0       24.806150436401367       0.0
2.9166667461395264       2.5700323581695557       0.005104893818497658       -12.22615909576416       0.0       26.458879470825195       0.0
2.933333396911621       0.4019816517829895       0.004947820212692022       -14.254297256469727       0.0       24.53915023803711       0.0
2.950000047683716       -1.017233967781067       0.004795579705387354       -16.368335723876953       0.0       19.93198585510254       0.0
2.9666666984558105       4.864283084869385       0.004648023284971714       -16.331830978393555       0.0       7.151926040649414       0.0
2.9833333492279053       -5.78608512878418       0.004505007062107325       -18.972305297851562       0.0       32.58912658691406       0.0
3.0       -3.9942800998687744       0.004366391804069281       -16.207914352416992       0.0       27.145689010620117       0.0
3.0166666507720947       7.2153639793396       0.004232041072100401       -15.763472557067871       0.0       -8.050210952758789       0.0
3.0333333015441895       0.11064796894788742       0.004101824481040239       -18.394657135009766       0.0       19.188596725463867       0.0
3.049999952316284       -2.3082215785980225       0.0039756144396960735       -20.669527053833008       0.0       11.232266426086426       0.0
3.066666603088379       -6.476480007171631       0.0038532877806574106       -20.265300750732422       0.0       24.17551612854004       0.0
3.0833332538604736       -0.10284020751714706       0.003734725061804056       -16.11254119873047       0.0       -6.731119632720947       0.0
3.0999999046325684       -7.046358585357666       0.003619810566306114       -26.31576156616211       0.0       22.774770736694336       0.0
3.116666555404663       -7.046358585357666       0.0035084318369627       -26.31576156616211       0.0       22.774770736694336       0.0
3.133333444595337       -7.046358585357666       0.0034004799090325832       -26.31576156616211       0.0       22.774770736694336       0.0
3.1500000953674316       -10.393016815185547       0.0032958497758954763       -29.635194778442383       0.0       14.759852409362793       0.0
3.1666667461395264       -3.31276535987854       0.0031944389920681715       -31.728389739990234       -0.011843159794807434       20.0429744720459       0.0
3.183333396911621       -6.44830846786499       0.003096148604527116       -28.1798038482666       -0.02357303723692894       20.531579971313477       0.0
3.200000047683716       4.360177516937256       0.0030008824542164803       -26.681133270263672       -0.034541044384241104       -11.436656951904297       0.0
3.2166666984558105       6.813235759735107       0.002908547641709447       -44.03672790527344       -0.04683047533035278       -25.708749771118164       0.0
3.2333333492279053       6.070515155792236       0.002819053828716278       -32.45180130004883       -0.05929989367723465       -22.347585678100586       0.0
3.25       4.601315975189209       0.0027323137037456036       -41.87712860107422       -0.07339753955602646       -39.123870849609375       0.0
3.2666666507720947       2.5323195457458496       0.0026482425164431334       -39.63376235961914       -0.0864219069480896       -25.825820922851562       0.0
3.2833333015441895       7.182737827301025       0.0025667583104223013       -39.881710052490234       -0.09997715801000595       -33.00717544555664       0.0
3.299999952316284       1.3372366428375244       0.0024877809919416904       -37.6132926940918       -0.11246836185455322       -26.17374038696289       0.0
3.316666603088379       3.240682601928711       0.0024112339597195387       -37.62382125854492       -0.12421554327011108       -24.2689151763916       0.0
3.3333332538604736       4.808313369750977       0.0023370422422885895       -35.27727508544922       -0.1348871886730194       -25.162057876586914       0.0
3.3499999046325684       1.9481505155563354       0.002265133196488023       -30.183067321777344       -0.14413729310035706       -20.518346786499023       0.0
3.366666555404663       -1.6625694036483765       0.002195436740294099       -18.006061553955078       -0.13970229029655457       -17.859134674072266       0.0
3.383333444595337       0.34937041997909546       0.0021278848871588707       -17.668418884277344       -0.13540376722812653       -11.309494018554688       0.0
3.4000000953674316       6.012526988983154       0.0020624115131795406       -20.687028884887695       -0.13123749196529388       -10.108617782592773       0.0
3.4166667461395264       1.0296262502670288       0.001998952589929104       -6.809534072875977       -0.12719941139221191       10.32239055633545       0.0
3.433333396911621       -2.665128707885742       0.001937446417286992       -7.453113079071045       -0.12328559160232544       15.285755157470703       0.0
3.450000047683716       -2.5686492919921875       0.001877832692116499       -9.368179321289062       -0.11949218809604645       14.44254207611084       0.0
3.4666666984558105       -7.8052873611450195       0.001820053206756711       -9.21420955657959       -0.11581550538539886       18.126163482666016       0.0
3.4833333492279053       -6.882079601287842       0.001764051616191864       -8.839323997497559       -0.11225195229053497       22.830339431762695       0.0
3.5       4.537528038024902       0.0017097730888053775       -13.930944442749023       -0.10879804193973541       12.85919189453125       0.0
3.5166666507720947       -9.965682029724121       0.0016571646556258202       2.059443235397339       -0.10545041412115097       25.332351684570312       0.0
3.5333333015441895       -10.100287437438965       0.0016061749774962664       0.539696991443634       -0.1022057831287384       37.602787017822266       0.0
3.549999952316284       -9.21251106262207       0.0015567542286589742       -8.12070369720459       -0.09906098991632462       31.885841369628906       0.0
3.566666603088379       -4.606039047241211       0.0015088540967553854       1.5361897945404053       -0.09601295739412308       27.61503791809082       0.0
3.5833332538604736       -7.8382158279418945       0.0014624277828261256       3.529045581817627       -0.09305871278047562       34.067501068115234       0.0
3.5999999046325684       8.831266403198242       0.0014174300013110042       -0.1807861328125       -0.09019537270069122       34.84502410888672       0.0
3.616666555404663       5.822813987731934       0.0013738167472183704       6.753538608551025       -0.08742012828588486       46.12034606933594       0.0
3.633333444595337       7.141541481018066       0.0013315455289557576       12.44189739227295       -0.08473027497529984       50.572994232177734       0.0
3.6500000953674316       -0.42822587490081787       0.0012905749026685953       9.499500274658203       -0.08212319016456604       43.405941009521484       0.0
3.6666667461395264       9.469171524047852       0.001250864821486175       9.030298233032227       -0.07959632575511932       56.3189811706543       0.0
3.683333396911621       0.5864931344985962       0.0012123767519369721       10.149602890014648       -0.07714720815420151       53.484066009521484       0.015902632847428322
3.700000047683716       8.845785140991211       0.0011750728590413928       6.121598720550537       -0.07477344572544098       54.10676193237305       0.03226659074425697
3.7166666984558105       5.1365203857421875       0.0011389167048037052       4.401210308074951       -0.07247272878885269       56.84696960449219       0.048037201166152954
3.7333333492279053       10.888924598693848       0.0011038731317967176       -1.0311133861541748       -0.07024279236793518       55.3530158996582       0.06328922510147095
3.75       10.019082069396973       0.0010699077975004911       -46.18294906616211       -0.06808147579431534       53.67780685424805       0.07788291573524475
3.7666666507720947       8.741600036621094       0.001036987523548305       -29.809673309326172       -0.06598666310310364       65.2531509399414       0.09272213280200958
3.7833333015441895       12.263846397399902       0.001005080295726657       -31.118810653686523       -0.06395630538463593       57.453163146972656       0.10718585550785065
3.799999952316284       10.97115421295166       0.0009741547401063144       -42.406883239746094       -0.06198841705918312       61.15666198730469       0.12181364744901657
3.816666603088379       5.229689121246338       0.0009441807051189244       20.32530975341797       -0.060081083327531815       70.23493194580078       0.13626280426979065
3.8333332538604736       12.506702423095703       0.0009151290287263691       -1.8668220043182373       -0.05823243409395218       70.47486877441406       0.151380255818367
3.8499999046325684       8.903796195983887       0.0008869711891748011       -47.02021026611328       -0.05644066631793976       72.05316925048828       0.16693374514579773
3.866666555404663       1.1415290832519531       0.00085967977065593       -38.83007049560547       -0.054704029113054276       74.35205078125       0.18219463527202606
3.883333444595337       10.48279857635498       0.0008332281140610576       20.20918846130371       -0.05302083119750023       81.581787109375       0.19785268604755402
3.9000000953674316       5.876150608062744       0.0008075903169810772       -2.725616216659546       -0.0513894185423851       72.16411590576172       0.21285463869571686
3.9166667461395264       0.6625154614448547       0.0007827413501217961       23.14270782470703       -0.049808207899332047       85.556640625       0.22827157378196716
3.933333396911621       1.4673351049423218       0.0007586569990962744       -26.526512145996094       -0.048275645822286606       86.89433288574219       0.2435608208179474
3.950000047683716       11.5738525390625       0.0007353137480095029       44.892276763916016       -0.046790242195129395       81.9209976196289       0.2591392993927002
3.9666666984558105       4.970620155334473       0.0007126886630430818       -29.749435424804688       -0.045350540429353714       102.06765747070312       0.27560046315193176
3.9833333492279053       4.612880229949951       0.0006907597999088466       39.76260757446289       -0.04395513981580734       88.77831268310547       0.2916598618030548
4.0       15.074466705322266       0.0006695056799799204       49.448081970214844       -0.04260267689824104       92.06571960449219       0.30808141827583313
4.016666889190674       11.644644737243652       0.000648905464913696       -7.421642780303955       -0.041291821748018265       72.62612915039062       0.32130908966064453
4.0333333015441895       -1.7901569604873657       0.0006289391894824803       23.661251068115234       -0.04002130776643753       99.36373901367188       0.3350642919540405
4.050000190734863       5.37447452545166       0.0006095871794968843       17.003562927246094       -0.03878987953066826       88.32469177246094       0.34807920455932617
4.066666603088379       -2.10886812210083       0.0005908306338824332       43.5028190612793       -0.03759634494781494       92.5870590209961       0.3625732958316803
4.083333492279053       3.3346192836761475       0.0005726512754336       51.70919418334961       -0.03643953427672386       93.74427032470703       0.3761725127696991
4.099999904632568       7.885009288787842       0.0005550312343984842       44.389678955078125       -0.035318318754434586       113.57038116455078       0.3916630744934082
4.116666793823242       4.649628162384033       0.0005379533395171165       57.66533279418945       -0.034231603145599365       109.38111114501953       0.4083338677883148
4.133333206176758       -7.074213027954102       0.0005214009433984756       45.11281204223633       -0.019750503823161125       115.98756408691406       0.42653897404670715
4.150000095367432       -1.8400384187698364       0.0005053578061051667       48.378902435302734       -0.0052760327234864235       108.1766357421875       0.4440132975578308
4.166666507720947       -3.561872959136963       0.0004898083279840648       61.13216018676758       0.009171770885586739       125.24882507324219       0.4611205756664276
4.183333396911621       -13.626172065734863       0.00047473731683567166       69.1672592163086       0.025515936315059662       153.6752471923828       0.47770148515701294
4.199999809265137       -34.095054626464844       0.00046013001701794565       67.99736785888672       0.043370362371206284       167.25538635253906       0.4937722086906433
4.2166666984558105       -35.22130584716797       0.00044597216765396297       96.39004516601562       0.06423614919185638       176.50888061523438       0.509348452091217
4.233333110809326       -37.392642974853516       0.0004322499444242567       95.36097717285156       0.08727724850177765       180.8727569580078       0.5244454145431519
4.25       -1.3231287002563477       0.0004189499595668167       93.33889770507812       0.11245857924222946       85.04436492919922       0.539077877998352
4.266666889190674       0.3192255198955536       0.00040605917456559837       86.17630767822266       0.13622036576271057       120.04438018798828       0.553260087966919
4.2833333015441895       -62.77778625488281       0.0003935650456696749       95.35991668701172       0.1597595363855362       199.0064697265625       0.5670059323310852
4.300000190734863       -72.45608520507812       0.0003814553492702544       106.23562622070312       0.1844484955072403       187.04898071289062       0.5803288221359253
4.316666603088379       -60.60871887207031       0.00036971826921217144       92.4690933227539       0.209542378783226       192.5334930419922       0.593241810798645
4.333333492279053       -61.7689323425293       0.0003583423385862261       83.23094177246094       0.23330406844615936       225.307861328125       0.5749881863594055
4.349999904632568       28.212615966796875       0.00034731641062535346       94.58546447753906       0.25599321722984314       -53.1761474609375       0.5572962760925293
4.366666793823242       17.647092819213867       0.00033662974601611495       64.0160903930664       0.275383859872818       41.679840087890625       0.5401486754417419
4.383333206176758       48.136756896972656       0.0003262719255872071       85.49984741210938       0.295155793428421       -79.82185363769531       0.5235286951065063
4.400000095367432       10.707673072814941       0.00031623276299797       37.24887466430664       0.30803751945495605       -45.000267028808594       0.5074201226234436
4.416666507720947       -9.379561424255371       0.0003065025375690311       89.25499725341797       0.323829710483551       20.34171485900879       0.491807222366333
4.433333396911621       -4.183773040771484       0.0002970717032440007       35.86320877075195       0.33355891704559326       -14.670595169067383       0.4766746759414673
4.449999809265137       -0.37995535135269165       0.00028793103410862386       22.065929412841797       0.3413160443305969       -49.3620719909668       0.4620077610015869
4.4666666984558105       -10.241893768310547       0.00027907159528695047       5.826043128967285       0.330814003944397       -44.244693756103516       0.4477921426296234
4.483333110809326       1.6616255044937134       0.00027048480114899576       17.465923309326172       0.3206351101398468       -48.319366455078125       0.4340139329433441
4.5       -3.646235704421997       0.0002621621824800968       37.78139114379883       0.3107694089412689       -31.7806396484375       0.4206596612930298
4.516666889190674       0.4850574731826782       0.0002540956484153867       11.864773750305176       0.3012072741985321       -43.59868621826172       0.4077162742614746
4.5333333015441895       -4.302391052246094       0.00024627731181681156       13.46798038482666       0.2919393479824066       -52.34754180908203       0.3951711654663086
4.550000190734863       -8.81486988067627       0.00023869956203270704       3.4574129581451416       0.282956600189209       -52.887203216552734       0.383012056350708
4.566666603088379       -7.0487470626831055       0.0002313549630343914       12.489002227783203       0.27425023913383484       -60.49605941772461       0.37122705578804016
4.583333492279053       -6.659126281738281       0.00022423634072765708       4.7002081871032715       0.2658117711544037       -52.17635726928711       0.33983927965164185
4.599999904632568       -4.3357696533203125       0.00021733676840085536       7.6907830238342285       0.2576329708099365       -50.31725311279297       0.31005269289016724
4.616666793823242       -0.2619178295135498       0.00021064947941340506       15.749393463134766       0.24970579147338867       -60.878543853759766       0.28152650594711304
4.633333206176758       -6.584026336669922       0.00020416795450728387       6.092523097991943       0.2420225292444229       -46.39561080932617       0.25498855113983154
4.650000095367432       -3.2953286170959473       0.00019788586359936744       28.40116310119629       0.23457568883895874       -55.24522399902344       0.22922781109809875
4.666666507720947       -3.846944570541382       0.0001917970657814294       17.045434951782227       0.22735796868801117       -52.624183654785156       0.2057127207517624
4.683333396911621       7.546856880187988       0.0001858956238720566       36.041751861572266       0.2203623503446579       -81.87840270996094       0.17988377809524536
4.699999809265137       10.481311798095703       0.00018017576076090336       35.79889678955078       0.21358196437358856       -75.63500213623047       0.1536644995212555
4.7166666984558105       9.727997779846191       0.00017463188851252198       11.988779067993164       0.2070102095603943       -64.03300476074219       0.12817086279392242
4.733333110809326       20.221445083618164       0.00016925859381444752       44.07184600830078       0.20064066350460052       -93.1072006225586       0.10358262807130814
4.75       6.574049472808838       0.00016405063797719777       21.506139755249023       0.19446711242198944       -52.509029388427734       0.08293069899082184
4.766666889190674       10.97459602355957       0.00015900292783044279       42.20610046386719       0.18848350644111633       -77.83059692382812       0.06306950002908707
4.7833333015441895       8.655902862548828       0.00015411053027492017       36.67515563964844       0.1826840192079544       -88.5831527709961       0.04553762078285217
4.800000190734863       -5.098322868347168       0.000149368672282435       -2.1435530185699463       0.1770629733800888       -50.99038314819336       0.030095018446445465
4.816666603088379       15.359908103942871       0.00014477271179202944       48.94900894165039       0.171614870429039       -100.82176208496094       0.015331336297094822
4.833333492279053       6.06764030456543       0.00014031816681381315       -33.619197845458984       0.16633442044258118       -52.15072250366211       0.004659570287913084
4.849999904632568       26.40741729736328       0.00013600068632513285       45.32115936279297       0.16121643781661987       -126.36639404296875       0.003285379149019718
4.866666793823242       34.74876022338867       0.0001318160502705723       99.0689468383789       0.15625593066215515       -177.03536987304688       0.0019294172525405884
4.883333206176758       32.936065673828125       0.00012776016956195235       84.06070709228516       0.151448056101799       -182.81150817871094       0.0005936858942732215
4.900000095367432       76.66560363769531       0.00012382908607833087       226.73130798339844       0.1467881202697754       -299.3641357421875       0.0005754186422564089
4.916666507720947       180.85858154296875       0.00033502295264042914       292.0903015136719       0.14227156341075897       -308.08343505859375       0.0005577135016210377
4.933333396911621       32.95588684082031       0.03109394572675228       80.51860046386719       0.13789397478103638       -170.1209259033203       0.0005405530682764947
4.949999809265137       -12.120260238647461       0.030137209221720695       -131.6713104248047       0.13365107774734497       -9.872160911560059       0.0005239206366240978
4.9666666984558105       -5.960886001586914       0.029209909960627556       -75.75833129882812       0.12953874468803406       -48.308013916015625       0.000507800024934113
4.983333110809326       -22.284276962280273       0.028311142697930336       -160.6310272216797       0.1255529373884201       9.197697639465332       0.0004921754007227719
5.0       -3.341930389404297       0.027440031990408897       -41.061771392822266       0.12168976664543152       -69.5631332397461       0.0004770315426867455
5.016666889190674       -100.62081909179688       0.026595722883939743       -293.88079833984375       0.11794546246528625       305.84515380859375       0.00046235366608016193
5.0333333015441895       -93.05303955078125       0.025777392089366913       -294.9352722167969       0.11431637406349182       285.38739013671875       0.00044812739361077547
5.050000190734863       -77.33090209960938       0.024984242394566536       -295.0983581542969       0.11079894751310349       282.946044921875       0.0004343388427514583
5.066666603088379       -73.34934997558594       0.024215497076511383       -295.1767578125       0.10738974809646606       290.2754211425781       0.00042097456753253937
5.083333492279053       -55.0527458190918       -0.007298826705664396       -296.3411560058594       0.10408544540405273       234.08999633789062       0.0004080215294379741
5.099999904632568       10.68256950378418       -0.00707424758002162       14.122217178344727       0.10088282078504562       -16.40988540649414       0.0003954670100938529
5.116666793823242       11.340452194213867       -0.006856578402221203       67.57246398925781       0.09777873009443283       -50.09479522705078       0.0003832987858913839
5.133333206176758       7.409886360168457       -0.006645606830716133       69.64585876464844       0.0947701558470726       -48.03400802612305       0.0003715049824677408
5.150000095367432       22.747655868530273       -0.006441126577556133       31.739877700805664       0.09185414761304855       -26.11449432373047       0.0003600740747060627
5.166666507720947       18.327411651611328       -0.006242937874048948       42.75669860839844       0.08902786672115326       -36.648929595947266       0.00034899485763162374
5.183333396911621       12.720010757446289       -0.0060508474707603455       32.421451568603516       0.11705777794122696       -26.765850067138672       0.000338256562827155
5.199999809265137       15.327159881591797       -0.00586466770619154       51.45009994506836       0.14422523975372314       -41.19786834716797       0.0003278486547060311
5.2166666984558105       22.907228469848633       0.02508501522243023       69.54654693603516       0.17055676877498627       -56.30260467529297       0.00031776100513525307
5.233333110809326       21.220264434814453       0.055082399398088455       57.47382736206055       0.1960780918598175       -45.42387008666992       0.0003079837479162961
5.25       22.825098037719727       0.08415678888559341       62.32762908935547       0.22081415355205536       -45.381893157958984       0.00029850733699277043
5.266666889190674       21.03005599975586       0.11233657598495483       60.90099334716797       0.24478910863399506       -44.162601470947266       -0.030479907989501953
5.2833333015441895       15.163482666015625       0.13964930176734924       51.13682556152344       0.26802635192871094       -38.72078323364258       -0.029542064294219017
5.300000190734863       16.87628746032715       0.16612163186073303       48.886043548583984       0.2905486226081848       -36.98173904418945       -0.028633078560233116
5.316666603088379       17.530567169189453       0.19177941977977753       54.39500045776367       0.3123778998851776       -38.54444885253906       -0.027752060443162918
5.333333492279053       19.631004333496094       0.21664774417877197       74.06201171875       0.33353549242019653       -45.48054122924805       -0.026898151263594627
5.349999904632568       13.12865924835205       0.24075089395046234       49.841712951660156       0.354042112827301       -23.093425750732422       -0.02607051469385624
5.366666793823242       10.524528503417969       0.2641124129295349       35.638240814208984       0.37391772866249084       -13.326436042785645       -0.025268346071243286
5.383333206176758       12.157042503356934       0.28675511479377747       35.25492477416992       0.39318180084228516       -19.199411392211914       -0.024490857496857643
5.400000095367432       19.758989334106445       0.3087010979652405       -6.639397144317627       0.3810839056968689       0.9747626781463623       -0.023737292736768723
5.416666507720947       -1.0421239137649536       0.2992025911808014       -56.42424392700195       0.36935824155807495       27.20818328857422       -0.023006916046142578
5.433333396911621       20.10614585876465       0.28999635577201843       85.825439453125       0.35799336433410645       -46.05606460571289       -0.022299010306596756
5.449999809265137       9.632965087890625       0.2810733914375305       19.451799392700195       0.34697818756103516       -10.854479789733887       -0.02161288633942604
5.4666666984558105       1.3935376405715942       0.27242499589920044       -43.22861099243164       0.3363019526004791       18.689708709716797       -0.020947875455021858
5.483333110809326       1.943248987197876       0.2640426754951477       -40.301334381103516       0.3259541988372803       16.76683807373047       -0.020303325727581978
5.5       18.454795837402344       0.2559182941913605       78.2335205078125       0.31592482328414917       -40.68408966064453       -0.01967860758304596
5.516666889190674       8.725479125976562       0.24804387986660004       11.91512680053711       0.30620405077934265       -6.864776134490967       -0.019073111936450005
5.5333333015441895       2.3469223976135254       0.24041175842285156       -33.69322967529297       0.29678240418434143       14.79583740234375       -0.018486246466636658
5.550000190734863       -1.4359996318817139       0.23301447927951813       -63.2307243347168       0.2876506447792053       28.45285987854004       -0.017917439341545105
5.566666603088379       17.14641571044922       0.22584480047225952       70.23989868164062       0.278799831867218       -38.489471435546875       -0.017366133630275726
5.583333492279053       7.971297740936279       0.21889573335647583       2.252474784851074       0.27022138237953186       -4.916265964508057       -0.016831791028380394
5.599999904632568       11.331514358520508       0.21216048300266266       27.848102569580078       0.2619068920612335       -16.32282829284668       -0.016313889995217323
5.616666793823242       6.255106449127197       0.20563246309757233       -8.903491973876953       0.25384822487831116       1.1211445331573486       -0.015811923891305923
5.633333206176758       7.354916572570801       0.19930531084537506       -3.596851110458374       0.24603749811649323       -2.295980453491211       -0.015325402840971947
5.650000095367432       8.892807960510254       0.19317284226417542       8.77823257446289       0.23846711218357086       -8.166373252868652       -0.01485385186970234
5.666666507720947       7.632054805755615       0.18722906708717346       0.8678702116012573       0.23112966120243073       -3.9144060611724854       -0.014396809972822666
5.683333396911621       10.827140808105469       0.1814681738615036       23.241413116455078       0.22401797771453857       -14.809968948364258       -0.013953831978142262
5.699999809265137       2.5550363063812256       0.17588452994823456       -37.34897994995117       0.21712511777877808       14.711703300476074       -0.01352448295801878
5.7166666984558105       13.187103271484375       0.17047269642353058       43.357913970947266       0.2104443460702896       -23.489402770996094       -0.013108344748616219
5.733333110809326       7.494466781616211       0.16522738337516785       -3.338181495666504       0.20396913588047028       -2.018099308013916       -0.012705011293292046
5.75       -1.1210781335830688       0.16014346480369568       -59.20246505737305       0.19769316911697388       26.20615005493164       -0.012314087711274624
5.766666889190674       4.611046314239502       0.15521597862243652       -20.120847702026367       0.19161029160022736       6.732489585876465       -0.011935193091630936
5.7833333015441895       7.722275257110596       0.15044009685516357       -2.0822761058807373       0.18571458756923676       -2.890824794769287       -0.01156795583665371
5.800000190734863       2.412302255630493       0.14581117033958435       -40.990909576416016       0.18000030517578125       16.093381881713867       -0.011212019249796867
5.816666603088379       14.698922157287598       0.14132466912269592       50.1940803527832       0.17446182668209076       -28.667638778686523       -0.010867034085094929
5.833333492279053       17.54755973815918       0.1369762271642685       64.487060546875       0.1690937727689743       -37.713890075683594       -0.010532663203775883
5.849999904632568       4.98127555847168       0.13276156783103943       -22.18023681640625       0.16389088332653046       6.541333198547363       -0.010208581574261189
5.866666793823242       4.922175407409668       0.12867659330368042       -21.275659561157227       0.1588480919599533       5.473990440368652       -0.009894471615552902
5.883333206176758       8.4673433303833       0.12471731752157211       1.5027854442596436       0.1539604514837265       -6.008377552032471       -0.0095900259912014
5.900000095367432       7.898557662963867       0.12087986618280411       -3.958547592163086       0.1492232084274292       -3.5839664936065674       -0.009294948540627956
5.916666507720947       5.238475799560547       0.11716048419475555       -20.7155818939209       0.14463172852993011       4.515190601348877       -0.009008949622511864
5.933333396911621       16.69548225402832       0.11355554312467575       63.25298309326172       0.1401815265417099       -37.189735412597656       -0.008731751702725887
5.949999809265137       16.170989990234375       0.11006152629852295       54.38556671142578       0.13586825132369995       -33.159088134765625       -0.008463081903755665
5.9666666984558105       20.07160758972168       0.10667502135038376       80.70648956298828       0.1316876858472824       -46.41554260253906       -0.008202679455280304
5.983333110809326       12.334406852722168       0.10339271277189255       28.336183547973633       0.12763574719429016       -20.597930908203125       -0.00795028917491436
6.0       8.700750350952148       0.10021139681339264       1.2976679801940918       0.12370850145816803       -7.322309494018555       -0.007705665193498135
6.016666889190674       5.708225250244141       0.09712796658277512       -20.183561325073242       0.11990208178758621       3.5053491592407227       -0.007468567695468664
6.0333333015441895       7.454350471496582       0.09413941949605942       -7.236704349517822       0.11621279269456863       -2.4117517471313477       -0.007238765712827444
6.050000190734863       18.15294075012207       0.09124282002449036       69.41139221191406       0.11263701319694519       -39.47351837158203       -0.007016034331172705
6.066666603088379       13.297743797302246       0.0884353443980217       37.61104965209961       0.10917125642299652       -22.79047966003418       -0.006800156552344561
6.083333492279053       10.316235542297363       0.08571425825357437       15.937026023864746       0.10581213980913162       -11.757558822631836       -0.006590920966118574
6.099999904632568       9.565925598144531       0.08307690173387527       12.560471534729004       0.10255638509988785       -9.379085540771484       -0.0063881236128509045
6.116666793823242       8.164810180664062       0.08052068948745728       2.3407082557678223       0.09940080344676971       -4.18543815612793       -0.006191565655171871
6.133333206176758       3.8069918155670166       0.0780431255698204       -25.793014526367188       0.09634231775999069       10.104479789733887       -0.006001056171953678
6.150000095367432       9.222822189331055       0.07564179599285126       16.4232234954834       0.09337794035673141       -9.402198791503906       -0.005816407967358828
6.166666507720947       15.936330795288086       0.0733143612742424       62.72663116455078       0.09050477296113968       -32.12582778930664       -0.005637441761791706
6.183333396911621       15.936330795288086       0.07105853408575058       62.72663116455078       0.08772000670433044       -32.12582778930664       -0.005463982000946999
6.199999809265137       15.936330795288086       0.0688721165060997       62.72663116455078       0.08502092957496643       -32.12582778930664       -0.005295859649777412
6.2166666984558105       6.223219394683838       0.06675297766923904       -0.40441131591796875       0.08240490406751633       0.8971338868141174       -0.005132909864187241
6.233333110809326       0.3820548951625824       0.06469903886318207       -39.12984848022461       0.07986936718225479       20.656579971313477       -0.0049749743193387985
6.25       6.699679851531982       0.0627082958817482       4.775576591491699       0.07741184532642365       -0.9360219240188599       -0.004821897950023413
6.266666889190674       -0.2496541291475296       0.06077881157398224       -40.95742416381836       0.07502994686365128       22.982786178588867       -0.004673532210290432
6.2833333015441895       11.065437316894531       0.05890869349241257       37.74783706665039       0.07272133231163025       -15.178281784057617       -0.004529730882495642
6.300000190734863       9.234132766723633       0.05709611997008324       25.695247650146484       0.0704837515950203       -9.24575424194336       -0.004390354733914137
6.316666603088379       0.009782821871340275       0.05533931404352188       -37.596099853515625       0.06831502169370651       23.722713470458984       -0.004255266860127449
6.333333492279053       4.3872222900390625       0.053636565804481506       -5.295979976654053       0.06621301919221878       7.174685478210449       -0.00412433547899127
6.349999904632568       11.45596694946289       0.0519862100481987       42.210697174072266       0.06417569518089294       -17.18335723876953       -0.003997432999312878
6.366666793823242       4.08681583404541       0.05038663372397423       -8.681537628173828       0.062201060354709625       8.924220085144043       -0.0038744350895285606
6.383333206176758       -0.8696417212486267       0.048836275935173035       -42.24978256225586       0.06028718128800392       25.744787216186523       -0.0037552216090261936
6.400000095367432       0.8007520437240601       0.047333624213933945       -30.292987823486328       0.058432191610336304       19.397029876708984       -0.0036396763753145933
6.416666507720947       -0.8404689431190491       0.04587720334529877       -43.80312728881836       0.05663427710533142       25.973337173461914       -0.003527686232700944
6.433333396911621       5.864419937133789       0.044465597718954086       2.610982656478882       0.0548916831612587       3.269350051879883       -0.0034191422164440155
6.449999809265137       -0.448051393032074       0.04309742525219917       -42.858882904052734       0.053202707320451736       25.660709381103516       -0.0033139376901090145
6.4666666984558105       3.5765557289123535       0.04177134856581688       -12.97262191772461       0.05156570300459862       10.43847942352295       -0.003211970441043377
6.483333110809326       11.328575134277344       0.04048607870936394       44.67890930175781       0.049979064613580704       -17.416425704956055       -0.0031131405849009752
6.5       8.442794799804688       0.03924035280942917       20.239700317382812       0.04844124987721443       -6.5784220695495605       -0.0030173517297953367
6.516666889190674       0.3570310175418854       0.038032956421375275       -37.427852630615234       0.046950750052928925       22.54621124267578       -0.002924510044977069
6.5333333015441895       7.241182327270508       0.03686271235346794       12.581643104553223       0.045506108552217484       -2.2549259662628174       -0.002834525192156434
6.550000190734863       13.172623634338379       0.03572847321629524       51.39662551879883       0.04410592094063759       -22.51003074645996       -0.0027473089285194874
6.566666603088379       6.15842342376709       0.03462913632392883       3.734896659851074       0.042748816311359406       0.9669390916824341       -0.002662776270881295
6.583333492279053       1.5872594118118286       0.03356362506747246       -30.9703369140625       0.04143346846103668       17.505613327026367       -0.002580844797194004
6.599999904632568       1.6642948389053345       0.032530900090932846       -29.252464294433594       0.04015859216451645       17.178150177001953       -0.0025014341808855534
6.616666793823242       7.769900321960449       0.031529948115348816       13.056626319885254       0.03892294317483902       -4.605649471282959       -0.0024244668893516064
6.633333206176758       4.048964500427246       0.03055979497730732       -15.698141098022461       0.03772531449794769       8.921096801757812       -0.0023498679511249065
6.650000095367432       13.43590259552002       0.029619494453072548       49.29146957397461       0.03656453639268875       -23.507713317871094       -0.0022775642573833466
6.666666507720947       11.868889808654785       0.02870812453329563       38.61444854736328       0.035439472645521164       -18.64833641052246       -0.002207485493272543
6.683333396911621       5.373652935028076       0.027824798598885536       -8.600427627563477       0.03434902802109718       4.90547513961792       -0.002139562740921974
6.699999809265137       11.364828109741211       0.02696865051984787       34.68199157714844       0.03329213336110115       -17.1225643157959       -0.002073730109259486
6.7166666984558105       14.048755645751953       0.026138845831155777       49.54443359375       0.03226776048541069       -25.58722686767578       -0.002009923104196787
6.733333110809326       10.702791213989258       0.025334574282169342       28.698421478271484       0.031274907290935516       -13.898407936096191       -0.0019480792107060552
6.75       4.36756706237793       0.02455504797399044       -14.362472534179688       0.03031260147690773       7.43446683883667       -0.0018881383584812284
6.766666889190674       5.686440944671631       0.023799508810043335       -6.538199424743652       0.02937990613281727       2.833094835281372       -0.0018300417577847838
6.7833333015441895       9.844236373901367       0.023067215457558632       22.24834632873535       0.028475908562541008       -10.55758285522461       -0.0017737328307703137
6.800000190734863       13.61825942993164       0.022357454523444176       48.39224624633789       0.027599727734923363       -24.042755126953125       -0.001719156396575272
6.816666603088379       7.378608703613281       0.021669533103704453       5.463497638702393       0.026750504970550537       -2.9506943225860596       -0.001666259253397584
6.833333492279053       5.503991603851318       0.02100277878344059       -11.476766586303711       0.025927413254976273       5.083287239074707       -0.00161498982924968
6.849999904632568       4.817870616912842       0.020356539636850357       -12.615280151367188       0.025129646062850952       5.7286810874938965       -0.001565297832712531
6.866666793823242       6.82562255859375       0.019730184227228165       1.1285806894302368       0.024356426671147346       -1.0471079349517822       -0.001517134835012257
6.883333206176758       7.3167219161987305       0.019123101606965065       6.86189079284668       0.02360699698328972       -3.794330358505249       -0.0014704536879435182
6.900000095367432       6.064620494842529       0.018534699454903603       -2.736111640930176       0.02288062870502472       0.7557476162910461       -0.0014252089895308018
6.916666507720947       6.817098140716553       0.017964400351047516       -0.46887072920799255       0.022176608443260193       -0.06128828600049019       -0.0013813563855364919
6.933333396911621       8.576483726501465       0.017411649227142334       10.58344841003418       0.021494252607226372       -5.53511381149292       -0.001338853151537478
6.949999809265137       6.418107986450195       0.01687590591609478       -0.8600882291793823       0.020832890644669533       -0.30751731991767883       -0.001297657610848546
6.9666666984558105       6.715042591094971       0.01635664701461792       1.8954005241394043       0.020191878080368042       -1.500964879989624       -0.0012577297165989876
6.983333110809326       8.03400707244873       0.015853365883231163       9.21630859375       0.019570589065551758       -5.425352573394775       -0.0012190303532406688
7.0       7.810661315917969       0.015365569852292538       8.645904541015625       0.01896841824054718       -4.2177019119262695       -0.0011815216857939959
7.016666889190674       7.902914524078369       0.01489278394728899       7.407465934753418       0.018384775146842003       -4.0947089195251465       -0.0011451671598479152
7.0333333015441895       8.661100387573242       0.014434544369578362       14.678104400634766       0.01781908981502056       -6.875707149505615       -0.0011099312687292695
7.050000190734863       9.211198806762695       0.013990404084324837       15.914250373840332       0.017270809039473534       -8.347624778747559       -0.001075779553502798
7.066666603088379       8.876513481140137       0.01355993002653122       14.607444763183594       0.01673940010368824       -7.157658100128174       -0.0010426786029711366
7.083333492279053       8.688984870910645       0.013142701238393784       15.657724380493164       0.016224341467022896       -7.85499382019043       -0.001010596170090139
7.099999904632568       8.646449089050293       0.012738310731947422       15.503057479858398       0.01572513021528721       -7.6699442863464355       -0.0009795009391382337
7.116666793823242       9.895745277404785       0.012346362695097923       19.42824935913086       0.015241280198097229       -10.361289978027344       -0.0009493624675087631
7.133333206176758       9.089256286621094       0.01196647435426712       17.69163703918457       0.014772318303585052       -9.010787010192871       -0.0009201513021253049
7.150000095367432       8.879907608032227       0.011598275043070316       16.629343032836914       0.014317785389721394       -8.201335906982422       -0.0008918389794416726
7.166666507720947       9.42559814453125       0.01124140527099371       19.42855453491211       0.013877238146960735       -9.634138107299805       -0.0008643977926112711
7.183333396911621       10.242912292480469       0.01089551579207182       22.799232482910156       0.013450246304273605       -11.834647178649902       -0.0008378009079024196
7.199999809265137       10.472136497497559       0.010560269467532635       25.54334831237793       0.013036392629146576       -13.118515014648438       -0.0008120224229060113
7.2166666984558105       10.329297065734863       0.010235338471829891       26.194984436035156       0.012635272927582264       -13.079779624938965       -0.0007870371337048709
7.233333110809326       11.014362335205078       0.00992040429264307       30.662439346313477       0.012246495112776756       -15.769631385803223       -0.0007628205930814147
7.25       11.362869262695312       0.03930114209651947       33.711368560791016       0.042638909071683884       -16.951683044433594       -0.0007393491687253118
7.266666889190674       11.734270095825195       0.06886110454797745       36.28720474243164       0.07209617644548416       -17.942983627319336       -0.0007165999850258231
7.2833333015441895       12.103690147399902       0.09751152992248535       37.5210075378418       0.10064706206321716       -18.2560977935791       -0.0006945507484488189
7.300000190734863       12.745677947998047       0.12528041005134583       45.40227508544922       0.12831945717334747       -23.08060073852539       -0.0006731799803674221
7.316666603088379       13.591179847717285       0.15219485759735107       48.69731903076172       0.15514039993286133       -24.398794174194336       -0.0006524667260237038
7.333333492279053       13.31647777557373       0.17828117311000824       47.79948806762695       0.1811360865831375       -23.952211380004883       -0.000632390845566988
7.349999904632568       13.638129234313965       0.2035648226737976       47.58345031738281       0.20633189380168915       -23.614810943603516       -0.0006129326648078859
7.366666793823242       14.033163070678711       0.22807052731513977       50.10942077636719       0.23075245320796967       -25.54030418395996       -0.0005940732080489397
7.383333206176758       13.982507705688477       0.25182220339775085       51.83537673950195       0.254421591758728       -25.873929977416992       -0.0005757940234616399
7.400000095367432       13.56710433959961       0.2748430669307709       48.666160583496094       0.2773624658584595       -24.181642532348633       -0.0005580772995017469
7.416666507720947       13.72756290435791       0.29715558886528015       49.999183654785156       0.29959747195243835       -24.860790252685547       -0.0005409056902863085
7.433333396911621       14.03789234161377       0.3187815546989441       50.96137237548828       0.3211483359336853       -25.462390899658203       -0.0005242624320089817
7.449999809265137       14.370266914367676       0.33974212408065796       53.57914352416992       0.34203606843948364       -27.035961151123047       -0.0005081312847323716
7.4666666984558105       14.289702415466309       0.3600577414035797       51.130306243896484       0.36228111386299133       -25.754844665527344       -0.0004924964741803706
7.483333110809326       14.077528953552246       0.37974828481674194       51.100276947021484       0.3819032311439514       -25.27283477783203       -0.0004773427208419889
7.5       14.12256145477295       0.39883294701576233       52.95256423950195       0.4009215831756592       -26.652488708496094       -0.0004626552399713546
7.516666889190674       14.283129692077637       0.41733041405677795       53.010589599609375       0.41935476660728455       -26.634090423583984       -0.0004484197124838829
7.5333333015441895       14.179251670837402       0.435258686542511       51.926883697509766       0.4372207820415497       -26.06727409362793       -0.0004346221685409546
7.550000190734863       14.137667655944824       0.45263534784317017       52.42354965209961       0.4545370638370514       -26.394851684570312       -0.0004212491912767291
7.566666603088379       14.360230445861816       0.4694773256778717       53.64753723144531       0.4713205397129059       -26.93658447265625       -0.00040828765486367047
7.583333492279053       14.228683471679688       0.485801100730896       54.21484375       0.4875876009464264       -27.431917190551758       -0.0003957249573431909
7.599999904632568       13.402180671691895       0.5016226172447205       49.95405960083008       0.5033541321754456       -24.62649917602539       -0.0003835488168988377
7.616666793823242       14.073641777038574       0.5169572830200195       53.080379486083984       0.5186355710029602       -26.89111328125       -0.000371747330063954
7.633333206176758       13.953941345214844       0.5318201780319214       50.90647506713867       0.5334467887878418       -25.311813354492188       -0.0003603089426178485
7.650000095367432       14.26499080657959       0.5462256669998169       51.509559631347656       0.5478022694587708       -25.758485794067383       -0.0003492225077934563
7.666666507720947       13.966801643371582       0.5601879954338074       50.479087829589844       0.5617160201072693       -25.248794555664062       -0.0003384771989658475
7.683333396911621       13.876832962036133       0.5737206339836121       51.995887756347656       0.575201690196991       -25.787782669067383       -0.00032806250965222716
7.699999809265137       14.194899559020996       0.5868369340896606       52.24403381347656       0.5882723927497864       -26.17765998840332       -0.00031796828261576593
7.7166666984558105       14.231707572937012       0.5995496511459351       52.78702926635742       0.6009409427642822       -26.723281860351562       -0.00030818465165793896
7.733333110809326       13.830739974975586       0.6118711829185486       52.06504440307617       0.613219678401947       -26.317399978637695       -0.000298702041618526
7.75       14.388768196105957       0.6238136291503906       52.368831634521484       0.6251206398010254       -26.418195724487305       -0.00028951119747944176
7.766666889190674       14.056406021118164       0.6353886127471924       50.852203369140625       0.6366553902626038       -25.696765899658203       -0.0002806031843647361
7.7833333015441895       13.495925903320312       0.6466073989868164       48.41611862182617       0.6478351950645447       -23.794198989868164       -0.00027196924202144146
7.800000190734863       14.348937034606934       0.6574810147285461       51.48027420043945       0.6586710214614868       -26.081899642944336       -0.0002636009594425559
7.816666603088379       13.87146282196045       0.6680200695991516       50.28279113769531       0.6691734790802002       -25.473384857177734       -0.00025549015845172107
7.833333492279053       13.412847518920898       0.6782348155975342       47.52713394165039       0.6793527603149414       -24.092056274414062       -0.00024762892280705273
7.849999904632568       13.004934310913086       0.6881353259086609       44.737274169921875       0.6892188191413879       -22.21858787536621       -0.00024000955454539508
7.866666793823242       13.103248596191406       0.6977311372756958       44.900474548339844       0.6987813115119934       -22.948644638061523       -0.00023262464674189687
7.883333206176758       12.589689254760742       0.7070317268371582       40.379356384277344       0.7080495953559875       -20.020999908447266       -0.0002254669670946896
7.900000095367432       11.803476333618164       0.716046154499054       38.636287689208984       0.7170326709747314       -19.466190338134766       -0.00021852953068446368
7.916666507720947       12.270588874816895       0.724783182144165       35.81034469604492       0.7257393598556519       -18.288557052612305       -0.00021180554176680744
7.933333396911621       12.114618301391602       0.7332513928413391       33.64073181152344       0.7341781258583069       -17.23674774169922       -0.00020528845197986811
7.949999809265137       11.26448917388916       0.7414590120315552       32.64266586303711       0.7423572540283203       -16.587085723876953       -0.00019897187303286046
7.9666666984558105       10.87759017944336       0.7494141459465027       27.84700584411621       0.750284731388092       -13.599100112915039       -0.0001928496640175581
7.983333110809326       10.53662109375       0.756015956401825       26.25293731689453       0.7579683065414429       -13.594297409057617       -0.00018691582954488695
8.0       10.153630256652832       0.7614063620567322       22.800609588623047       0.7654154300689697       -11.835074424743652       -0.00018116457795258611
8.016666412353516       9.933510780334473       0.7379785180091858       21.940061569213867       0.77263343334198       -11.622506141662598       -0.00017559027764946222
8.033333778381348       9.282398223876953       0.7152714729309082       16.886995315551758       0.7488600611686707       -8.51421070098877       -0.0001701875007711351
8.050000190734863       9.380581855773926       0.6932631134986877       18.13654136657715       0.7258182168006897       -9.713655471801758       -0.00016495096497237682
8.066666603088379       8.655238151550293       0.6719319224357605       13.042586326599121       0.703485369682312       -7.0006184577941895       -0.00015987554797902703
8.083333015441895       8.591143608093262       0.6512570977210999       12.93043327331543       0.681839644908905       -6.690915107727051       -0.00015495630213990808
8.100000381469727       7.805784702301025       0.631218433380127       9.244596481323242       0.660860002040863       -4.746330738067627       -0.00015018841077107936
8.116666793823242       7.739681720733643       0.6117963194847107       5.579656600952148       0.6405258178710938       -3.4601125717163086       -0.00014556723181158304
8.133333206176758       6.970999240875244       0.5929718017578125       1.796456217765808       0.6208173632621765       -1.3038088083267212       -0.0001410882396157831
8.149999618530273       6.517652988433838       0.5747265219688416       -1.100876808166504       0.6017152667045593       0.507721483707428       -0.000136747068609111
8.166666984558105       6.105222702026367       0.55704265832901       -4.3761467933654785       0.5832009315490723       1.970171570777893       -0.0001325394696323201
8.183333396911621       5.849087715148926       0.5399028658866882       -5.500571250915527       0.5652562975883484       2.3205888271331787       -0.00012846132449340075
8.199999809265137       6.2902512550354       0.5232904553413391       -3.412874221801758       0.547863781452179       1.193833351135254       -0.00012450867507141083
8.216666221618652       5.779744625091553       0.5071892142295837       -4.406595706939697       0.5310064554214478       2.0146050453186035       -0.00012067763600498438
8.233333587646484       6.349004745483398       0.4915834069252014       -3.83919095993042       0.514667809009552       1.4197607040405273       -0.00011696447472786531
8.25       6.1279377937316895       0.47645777463912964       -4.986424922943115       0.4988318681716919       2.059002637863159       -0.00011336556781316176
8.266666412353516       6.813775062561035       0.4617975354194641       -1.4687247276306152       0.4834831953048706       0.0491689033806324       -0.00010987739369738847
8.283333778381348       6.35814905166626       0.44758838415145874       -2.2767062187194824       0.46860677003860474       0.6568556427955627       -0.00010649655450833961
8.300000190734863       6.221393585205078       0.43381643295288086       -2.307466983795166       0.45418810844421387       0.5122807025909424       -0.00010321973968530074
8.316666603088379       6.691333770751953       0.42046821117401123       -1.7855019569396973       0.44021308422088623       0.33057209849357605       -0.0001000437478069216
8.333333015441895       6.122955799102783       0.4075307250022888       -3.0652716159820557       0.42666807770729065       0.7821898460388184       -9.696547931525856e-05
8.350000381469727       6.480600357055664       0.39499133825302124       -2.9177799224853516       0.4135398268699646       1.226676344871521       -9.398192196385935e-05
8.366666793823242       6.204344749450684       0.3828377425670624       -3.6507346630096436       0.40081551671028137       1.3815507888793945       -9.10901726456359e-05
8.383333206176758       6.408842086791992       0.3710581362247467       -2.9931252002716064       0.3884827494621277       0.6899082660675049       -8.828739373711869e-05
8.399999618530273       6.214141845703125       0.3596409559249878       -3.0373799800872803       0.37652942538261414       1.1091547012329102       -8.557086403016001e-05
8.416666984558105       6.372330665588379       0.34857508540153503       -1.6764286756515503       0.36494389176368713       -0.0532701313495636       -8.293791324831545e-05
8.433333396911621       6.935378551483154       0.3378497064113617       -1.927390456199646       0.35371485352516174       -0.03865528479218483       -8.038597297854722e-05
8.449999809265137       6.575263977050781       0.3274543285369873       -0.7549921274185181       0.3428313136100769       -0.24759487807750702       -7.791256211930886e-05
8.466666221618652       5.553049087524414       0.31737878918647766       -5.549953937530518       0.3322826623916626       3.093303918838501       -7.551525050075725e-05
8.483333587646484       6.208492755889893       0.3076133131980896       -2.555145263671875       0.3220585882663727       0.8993886709213257       -7.319170254049823e-05
8.5       6.307122230529785       0.2981482744216919       -3.859358310699463       0.3121491074562073       1.5340553522109985       -7.093965541571379e-05
8.516666412353516       6.254593849182129       0.28897449374198914       -3.8370330333709717       0.302544504404068       1.419100046157837       -6.875689723528922e-05
8.533333778381348       6.763669967651367       0.28008297085762024       -0.23915910720825195       0.2932354509830475       -0.6828121542930603       -6.664129614364356e-05
8.550000190734863       6.421457767486572       0.2714650332927704       -2.407240629196167       0.2842128276824951       0.7171666622161865       -6.4590793044772e-05
8.566666603088379       6.563797473907471       0.26311224699020386       -1.8289834260940552       0.27546781301498413       0.1264931857585907       -6.260338705033064e-05
8.583333015441895       5.68679666519165       0.2550164759159088       -5.1015625       0.26699188351631165       2.743469715118408       -6.0677128203678876e-05
8.600000381469727       6.4056267738342285       0.24716982245445251       -2.1843762397766113       0.2587767243385315       0.4545591473579407       -5.881013930775225e-05
8.616666793823242       5.816934585571289       0.23956459760665894       -4.089347839355469       0.25081437826156616       1.7338263988494873       -5.700059773516841e-05
8.633333206176758       5.951170444488525       0.23219338059425354       -3.5771799087524414       0.24309700727462769       1.8362305164337158       -5.5246731790248305e-05
8.649999618530273       5.809077739715576       0.2250489741563797       -5.900723457336426       0.23561710119247437       2.8839821815490723       -5.35468352609314e-05
8.666666984558105       6.15984582901001       0.2181243896484375       -3.9281539916992188       0.22836734354496002       1.4416263103485107       -5.189923831494525e-05
8.683333396911621       6.258964538574219       0.21141287684440613       -2.4528634548187256       0.22134065628051758       0.5031715035438538       -5.030234024161473e-05
8.699999809265137       6.624216556549072       0.2049078643321991       -2.153712511062622       0.21453016996383667       0.765470027923584       -4.875457671005279e-05
8.716666221618652       6.241513729095459       0.19860300421714783       -4.0371503829956055       0.20792925357818604       1.3869985342025757       -4.725443432107568e-05
8.733333587646484       6.626780986785889       0.19249214231967926       -1.2990461587905884       0.20153142511844635       0.1179322600364685       -4.580045060720295e-05
8.75       5.960243225097656       0.18656930327415466       -3.846738815307617       0.1953304558992386       1.3496146202087402       -4.439120675669983e-05
8.766666412353516       6.743107795715332       0.18082870543003082       -3.2531778812408447       0.18932029604911804       1.0811623334884644       -4.302532397559844e-05
8.783333778381348       6.0565924644470215       0.17526474595069885       -3.172297716140747       0.18349504470825195       1.3622472286224365       -4.170146712567657e-05
8.800000190734863       6.692218780517578       0.169871985912323       -3.065207004547119       0.17784905433654785       1.042089581489563       -4.041834472445771e-05
8.816666603088379       6.182940483093262       0.16464516520500183       -2.8910977840423584       0.17237676680088043       1.1185566186904907       -3.9174705307232216e-05
8.833333015441895       6.143938064575195       0.15957915782928467       -3.535374641418457       0.16707287728786469       1.8730899095535278       -3.796933015109971e-05
8.850000381469727       6.280551910400391       0.15466903150081635       -3.8570544719696045       0.16193217039108276       1.5388997793197632       -3.68010405509267e-05
8.866666793823242       6.282776355743408       0.14990997314453125       -3.2949814796447754       0.15694963932037354       1.0540741682052612       -3.566870145732537e-05
8.883333206176758       6.537071704864502       0.1452973634004593       -2.2531964778900146       0.1521204113960266       0.17799310386180878       -3.4571203286759555e-05
8.899999618530273       6.755229949951172       0.14082667231559753       -2.2459888458251953       0.14743979275226593       0.43099433183670044       -3.350747283548117e-05
8.916666984558105       6.080594539642334       0.13649354875087738       -4.761790752410889       0.1429031789302826       1.8021413087844849       -3.247647327953018e-05
8.933333396911621       6.332727909088135       0.13229374587535858       -3.815746784210205       0.13850615918636322       1.3100767135620117       -3.147719689877704e-05
8.949999809265137       6.139537334442139       0.12822316586971283       -3.871119976043701       0.1342444270849228       1.6433156728744507       -3.0508668714901432e-05
8.966666221618652       6.245067119598389       0.12427783757448196       -2.58652925491333       0.13011384010314941       0.7529065012931824       -2.956994103442412e-05
8.983333587646484       6.169678688049316       0.12045390903949738       -3.9711408615112305       0.12611033022403717       1.8512736558914185       -2.866009708668571e-05
9.0       6.3900017738342285       0.11674763262271881       -2.796212911605835       0.12223001569509506       0.7260499596595764       -2.777824738586787e-05
9.016666412353516       6.191183090209961       0.11315539479255676       -4.093260288238525       0.11846908926963806       1.5517289638519287       -2.6923531549982727e-05
9.033333778381348       6.213770389556885       0.10967369377613068       -5.64661169052124       0.11482388526201248       2.7548623085021973       -2.609511648188345e-05
9.050000190734863       5.7754435539245605       0.10629911720752716       -4.666147232055664       0.111290842294693       1.9682682752609253       -2.529218909330666e-05
9.066666603088379       6.304351329803467       0.10302837938070297       -2.880018711090088       0.10786651074886322       0.5621632933616638       -2.451396721880883e-05
9.083333015441895       5.558631896972656       0.09985826909542084       -6.231403350830078       0.10454754531383514       2.474843740463257       -2.375969233980868e-05
9.100000381469727       6.0123982429504395       0.09678570926189423       -5.25993537902832       0.1013306975364685       1.9436062574386597       -2.302862412761897e-05
9.116666793823242       5.964383602142334       0.09380768984556198       -3.6743783950805664       0.0982128232717514       1.059861660003662       -2.232005135738291e-05
9.133333206176758       6.6517181396484375       0.0909212976694107       -2.7017061710357666       0.09519089013338089       0.344971239566803       -2.163328099413775e-05
9.149999618530273       6.206782817840576       0.08812371641397476       -3.90533709526062       0.09226194024085999       1.3253382444381714       -2.0967641830793582e-05
9.166666984558105       6.411372184753418       0.08541221916675568       -3.724579095840454       0.08942311257123947       1.1078277826309204       -2.0322482669143938e-05
9.183333396911621       5.925508499145508       0.08278415352106094       -5.8340301513671875       0.08667163550853729       2.356724739074707       -1.9697175957844593e-05
9.199999809265137       5.807373046875       0.08023694902658463       -6.019802093505859       0.08400481194257736       2.5826947689056396       -1.9091108697466552e-05
9.216666221618652       5.815524101257324       0.07776811718940735       -4.909341335296631       0.08142004907131195       2.158421039581299       -1.8503689716453664e-05
9.233333587646484       6.134021759033203       0.07537525147199631       -5.430121898651123       0.0789148211479187       2.050551414489746       -1.793434603314381e-05
9.25       6.149003505706787       0.07305601239204407       -4.573074817657471       0.07648666948080063       1.5806297063827515       -1.7382519217790104e-05
9.266666412353516       6.511816501617432       0.07080813497304916       -3.8370373249053955       0.07413323223590851       1.0624395608901978       -1.68476726685185e-05
9.283333778381348       5.980310916900635       0.0686294287443161       -5.288980007171631       0.07185221463441849       2.424978256225586       -1.6329282516380772e-05
9.300000190734863       6.100318431854248       0.06651774793863297       -4.832972526550293       0.06964137405157089       1.8888521194458008       -1.582684308232274e-05
9.316666603088379       5.498824596405029       0.0644710510969162       -7.574209213256836       0.06749856472015381       3.522890329360962       -1.5339863239205442e-05
9.333333015441895       5.792605400085449       0.06248732656240463       -8.0736083984375       0.0654216855764389       4.102749347686768       -1.4867868230794556e-05
9.350000381469727       6.007663726806641       0.060564637184143066       -5.8640618324279785       0.06340871006250381       2.6570003032684326       -1.4410395124286879e-05
9.366666793823242       6.012374401092529       0.05870111286640167       -4.654562473297119       0.06145767122507095       2.031388282775879       -1.3966998267278541e-05
9.383333206176758       5.979422569274902       0.056894924491643906       -4.870581150054932       0.059566665440797806       1.9362783432006836       -1.3537244740291499e-05
9.399999618530273       6.145449161529541       0.055144309997558594       -3.80066180229187       0.057733844965696335       1.5632160902023315       -1.3120714356773533e-05
9.416666984558105       6.3909173011779785       0.05344756320118904       -4.6556291580200195       0.05595742166042328       1.8470383882522583       -1.271699966309825e-05
9.433333396911621       5.835599422454834       0.051803022623062134       -5.934511661529541       0.05423565208911896       2.7463881969451904       -1.2325707757554483e-05
9.449999809265137       5.596092224121094       0.050209082663059235       -6.395736217498779       0.05256686359643936       3.025956153869629       -1.1946454833378084e-05
9.466666221618652       6.483304023742676       0.048664189875125885       -3.261253595352173       0.050949420779943466       0.8294390439987183       -1.1578871635720134e-05
9.483333587646484       6.569149017333984       0.04716682806611061       -4.321035861968994       0.04938174784183502       1.273097276687622       -1.1222598914173432e-05
9.5       6.065980434417725       0.045715540647506714       -5.246763706207275       0.04786230996251106       2.194068193435669       -1.0877288332267199e-05
9.516666412353516       6.291696548461914       0.04430890828371048       -3.3808791637420654       0.0463896207511425       0.8909226059913635       -1.0542602467467077e-05
9.533333778381348       6.318148612976074       0.042945560067892075       -4.996743679046631       0.04496224969625473       2.2510507106781006       -1.021821481117513e-05
9.550000190734863       5.895277976989746       0.04162415489554405       -6.337271690368652       0.043578796088695526       2.675466299057007       -9.90380794974044e-06
9.566666603088379       6.372361660003662       0.04034341499209404       -3.6127266883850098       0.042237911373376846       0.9739968776702881       -9.599075383448508e-06
9.583333015441895       6.071840763092041       0.03910207748413086       -5.910378932952881       0.040938280522823334       2.445591926574707       -9.303718798037153e-06
9.600000381469727       6.584760665893555       0.03789893537759781       -3.358323812484741       0.03967864066362381       1.0393952131271362       -9.017450793180615e-06
9.616666793823242       6.447103023529053       0.03673281520605087       -3.601994276046753       0.03845776244997978       1.2326403856277466       -8.739991244510747e-06
9.633333206176758       5.923941612243652       0.03560257330536842       -5.810476779937744       0.037274446338415146       2.8621997833251953       -8.471068213111721e-06
9.649999618530273       6.153764247894287       0.034507110714912415       -5.230127811431885       0.03612753748893738       2.262401580810547       -8.210419764509425e-06
9.666666984558105       6.437119007110596       0.03344535455107689       -4.788144111633301       0.03501592203974724       1.91526460647583       -7.957791240187362e-06
9.683333396911621       6.346217155456543       0.032416265457868576       -5.629764556884766       0.03393850848078728       2.456127166748047       -7.712936167081352e-06
9.699999809265137       5.911790370941162       0.03141884133219719       -3.8651788234710693       0.03289424628019333       1.4622172117233276       -7.47561534808483e-06
9.716666221618652       6.554900646209717       0.03045210987329483       -3.5238547325134277       0.03188211843371391       1.1320366859436035       -7.245596407301491e-06
9.733333587646484       5.635045528411865       0.02951512113213539       -6.670216083526611       0.03090112842619419       3.0819642543792725       -7.0226551542873494e-06
9.75       5.747076034545898       0.028606964275240898       -5.419183731079102       0.029950324445962906       2.6752572059631348       -6.806573310313979e-06
9.766666412353516       5.777975559234619       0.02772674895823002       -6.4512834548950195       0.02902877703309059       2.993372678756714       -6.59714032735792e-06
9.783333778381348       6.1288743019104       0.026873618364334106       -4.396553993225098       0.02813558280467987       1.9037553071975708       -6.394151114363922e-06
