t       fx       vx       fy       vy       fz       vz
0.0       5.092738628387451       0.0       0.746707022190094       0.0       -6.429099082946777       0.0
0.01666666753590107       -0.8168007731437683       0.0       8.138901710510254       0.0       -3.497619390487671       0.0
0.03333333507180214       1.8025158643722534       0.0       1.7116262912750244       0.0       -6.226556777954102       0.0
0.05000000074505806       1.5428950786590576       0.0       3.4212217330932617       0.0       -5.332822799682617       0.0
0.06666667014360428       1.4743974208831787       0.0       3.8756091594696045       0.0       -5.443864822387695       0.0
0.0833333358168602       1.1984316110610962       0.0       4.307227611541748       0.0       -4.133447647094727       0.0
0.10000000149011612       1.3588201999664307       0.0       4.435873985290527       0.0       -4.89010763168335       0.0
0.11666666716337204       1.3695268630981445       0.0       3.1585140228271484       0.0       -4.843510150909424       0.0
0.13333334028720856       1.7078272104263306       0.0       3.8946468830108643       0.0       -6.124189853668213       0.0
0.15000000596046448       1.3676156997680664       0.0       3.70987868309021       0.0       -5.322309494018555       0.0
0.1666666716337204       1.3837732076644897       0.0       3.9060988426208496       0.0       -5.023760795593262       0.0
0.18333333730697632       1.8321462869644165       0.0       4.0900797843933105       0.0       -5.673419952392578       0.0
0.20000000298023224       2.104724884033203       0.0       3.0870985984802246       0.0       -5.825868129730225       0.0
0.21666666865348816       1.439007043838501       0.0       4.3078107833862305       0.0       -4.134149074554443       0.0
0.23333333432674408       2.093398094177246       0.0       3.2856545448303223       0.0       -5.014991283416748       0.0
0.25       2.202202081680298       0.0       3.2309625148773193       0.0       -5.494252681732178       0.0
0.2666666805744171       1.701076865196228       0.0       4.661377429962158       0.0       -4.172729969024658       0.0
0.28333333134651184       2.484196424484253       0.0       4.690965175628662       0.0       -5.7536749839782715       0.0
0.30000001192092896       1.7183479070663452       0.0       4.5843892097473145       0.0       -3.754861354827881       0.0
0.3166666626930237       1.9736088514328003       0.0       4.2330498695373535       0.0       -4.526535511016846       0.0
0.3333333432674408       1.7885817289352417       0.0       4.389797687530518       0.0       -4.936086177825928       0.0
0.3499999940395355       1.7724367380142212       0.0       4.111058712005615       0.0       -5.098441123962402       0.0
0.36666667461395264       1.9794831275939941       0.0       4.051777362823486       0.0       -4.685946941375732       0.0
0.38333332538604736       2.5328359603881836       0.0       4.3788652420043945       0.0       -6.628519058227539       0.0
0.4000000059604645       2.210214376449585       0.0       4.016951084136963       0.0       -6.064149379730225       0.0
0.4166666567325592       2.0418179035186768       0.0       4.157622814178467       0.0       -5.208815097808838       0.0
0.4333333373069763       2.0620388984680176       0.0       4.20820951461792       0.0       -5.687413215637207       0.0
0.44999998807907104       1.550524353981018       0.0       3.7149453163146973       0.0       -4.213140964508057       0.0
0.46666666865348816       2.3369317054748535       0.0       3.721874237060547       0.0       -5.4076995849609375       0.0
0.4833333194255829       1.7932167053222656       0.0       4.336822986602783       0.0       -4.599230766296387       0.0
0.5       2.3675754070281982       0.0       3.3473799228668213       0.0       -5.5078606605529785       0.0
0.5166666507720947       2.0894899368286133       0.0       3.9005286693573       0.0       -4.950964450836182       0.0
0.5333333611488342       2.8174245357513428       0.0       3.829023599624634       0.0       -7.338003158569336       0.0
0.550000011920929       2.207975149154663       0.0       3.3581671714782715       0.0       -5.8792405128479       0.0
0.5666666626930237       1.8356502056121826       0.0       4.813603401184082       0.0       -4.433547496795654       0.0
0.5833333134651184       2.0290815830230713       0.0       3.837444305419922       0.0       -5.3406476974487305       0.0
0.6000000238418579       1.99502694606781       0.0       3.7098660469055176       0.0       -5.3262529373168945       0.0
0.6166666746139526       1.781463623046875       0.0       5.040892124176025       0.0       -4.5212202072143555       0.0
0.6333333253860474       1.7435933351516724       0.0       4.287041187286377       0.0       -4.491161346435547       0.0
0.6499999761581421       2.056744337081909       0.0       4.533680438995361       0.0       -5.2614054679870605       0.0
0.6666666865348816       1.7951266765594482       0.0       4.176337718963623       0.0       -3.8926963806152344       0.0
0.6833333373069763       2.0894575119018555       0.0       3.6014840602874756       0.0       -5.46852970123291       0.0
0.699999988079071       1.9625574350357056       0.0       3.7560324668884277       0.0       -4.997195720672607       0.0
0.7166666388511658       2.4077656269073486       0.0       3.8773651123046875       0.0       -6.038105487823486       0.0
0.7333333492279053       2.1134390830993652       0.0       3.843529224395752       0.0       -5.277410984039307       0.0
0.75       2.0437538623809814       0.0       3.55114483833313       0.0       -4.990429401397705       0.0
0.7666666507720947       1.8493101596832275       0.0       3.7091054916381836       0.0       -4.802256107330322       0.0
0.7833333611488342       1.755698323249817       0.0       4.122898578643799       0.0       -4.589719295501709       0.0
0.800000011920929       2.0211181640625       0.0       4.0152587890625       0.0       -5.255392074584961       0.0
0.8166666626930237       2.0437819957733154       0.0       4.676861763000488       0.0       -4.995635986328125       0.0
0.8333333134651184       2.0701897144317627       0.0       3.4140751361846924       0.0       -5.3334736824035645       0.0
0.8500000238418579       2.1711862087249756       0.0       3.7281839847564697       0.0       -5.636012554168701       0.0
0.8666666746139526       2.3022541999816895       0.0       3.592027425765991       0.0       -5.534271240234375       0.0
0.8833333253860474       1.8589459657669067       0.0       3.753840923309326       0.0       -5.13727331161499       0.0
0.8999999761581421       2.2947773933410645       0.0       4.061305522918701       0.0       -4.995453834533691       0.0
0.9166666865348816       2.0572171211242676       0.0       4.4305901527404785       0.0       -5.480583667755127       0.0
0.9333333373069763       2.0767242908477783       0.0       4.209774494171143       0.0       -5.175642013549805       0.0
0.949999988079071       2.406040668487549       0.0       4.080483913421631       0.0       -5.89319372177124       0.0
0.9666666388511658       1.8435207605361938       0.0       4.696913242340088       0.0       -4.7906999588012695       0.0
0.9833333492279053       2.858157157897949       0.0       3.57047438621521       0.0       -7.145710468292236       0.0
1.0       2.688666343688965       0.0       4.2263336181640625       0.0       -7.404839515686035       0.0
1.0166666507720947       1.9855235815048218       0.0       4.041310787200928       0.0       -5.348067283630371       0.0
1.0333333015441895       2.4944775104522705       0.0       3.996122360229492       0.0       -6.421468257904053       0.0
1.0499999523162842       1.6096283197402954       0.0       4.9741010665893555       0.0       -3.8858728408813477       0.0
1.0666667222976685       1.8079369068145752       0.0       3.6257662773132324       0.0       -4.600259304046631       0.0
1.0833333730697632       2.3220577239990234       0.0       3.915458917617798       0.0       -5.554643630981445       0.0
1.100000023841858       2.832385301589966       0.0       3.5003795623779297       0.0       -7.022790431976318       0.0
1.1166666746139526       2.2297163009643555       0.0       4.285866737365723       0.0       -5.376974582672119       0.0
1.1333333253860474       1.6596418619155884       0.0       4.551509857177734       0.0       -3.726560592651367       0.0
1.149999976158142       1.986093282699585       0.0       3.965618848800659       0.0       -4.996121406555176       0.0
1.1666666269302368       1.5173721313476562       0.0       3.943089485168457       0.0       -3.8660919666290283       0.0
1.1833332777023315       1.704789400100708       0.0       3.6293692588806152       0.0       -4.372143268585205       0.0
1.2000000476837158       1.9959311485290527       0.0       4.847346782684326       0.0       -5.345128536224365       0.0
1.2166666984558105       2.1551015377044678       0.0       3.7229559421539307       0.0       -5.4069061279296875       0.0
1.2333333492279053       2.077834129333496       0.0       2.843407392501831       0.0       -5.427559852600098       0.0
1.25       2.210505247116089       0.0       3.4140641689300537       0.0       -5.400580883026123       0.0
1.2666666507720947       1.8352199792861938       0.0       3.878040313720703       0.0       -4.41115140914917       0.0
1.2833333015441895       2.33880352973938       0.0       3.540159225463867       0.0       -5.568525791168213       0.0
1.2999999523162842       1.7164922952651978       0.0       4.818686008453369       0.0       -4.509435653686523       0.0
1.3166667222976685       3.218959331512451       0.0       3.3017630577087402       0.0       -5.181300163269043       0.0
1.3333333730697632       3.4835667610168457       0.0       3.2685508728027344       0.0       -3.969027280807495       0.0
1.350000023841858       4.487114429473877       0.0       3.6869804859161377       0.0       -3.1796374320983887       0.0
1.3666666746139526       6.119546890258789       0.0       4.393609523773193       0.0       -2.9868853092193604       0.0
1.3833333253860474       7.574488162994385       0.0       4.455347537994385       0.0       -2.2705163955688477       0.0
1.399999976158142       8.097122192382812       0.0       4.038812160491943       0.0       1.4717693328857422       0.0
1.4166666269302368       14.296488761901855       0.0       3.235994815826416       0.0       1.3551279306411743       0.0
1.4333332777023315       17.41216468811035       0.0       3.937955856323242       0.0       3.013458251953125       0.0
1.4500000476837158       19.66901206970215       0.0       4.47031307220459       0.0       4.236696720123291       0.0
1.4666666984558105       19.439266204833984       0.0       4.194577693939209       0.0       4.456199645996094       0.0
1.4833333492279053       20.568500518798828       0.008123576641082764       4.975046157836914       0.0       5.1270904541015625       0.0
1.5       21.939973831176758       0.016306165605783463       4.685166358947754       0.0       6.292579650878906       0.0
1.5166666507720947       21.15813446044922       0.02447151020169258       5.1485915184021       0.0       7.306999683380127       0.0
1.5333333015441895       53.087066650390625       0.0368124283850193       11.015351295471191       0.0       -0.11622890084981918       0.0
1.5499999523162842       23.704689025878906       0.04901010915637016       0.4528489112854004       0.0       7.7630414962768555       0.0
1.5666667222976685       15.617185592651367       0.060065578669309616       2.235893487930298       0.0       14.222007751464844       0.0
1.5833333730697632       9.160086631774902       0.058217406272888184       12.937328338623047       0.0       16.254518508911133       0.0
1.600000023841858       5.436695098876953       0.05642610415816307       9.72101879119873       0.0       25.50270652770996       0.0
1.6166666746139526       21.992839813232422       0.0546899139881134       1.7004045248031616       0.0       9.706963539123535       0.0
1.6333333253860474       15.599329948425293       0.05300714820623398       9.452044486999512       0.0       14.82788372039795       0.0
1.649999976158142       11.71796989440918       0.051376160234212875       4.25298547744751       0.0       15.384382247924805       0.0
1.6666666269302368       14.624381065368652       0.04979535564780235       5.997655868530273       0.0       15.413246154785156       0.0
1.6833332777023315       3.2229645252227783       0.04826318845152855       11.129571914672852       0.0       20.968286514282227       0.0
1.7000000476837158       1.119131326675415       0.04677816852927208       8.414070129394531       0.0       15.213479042053223       0.006906431168317795
1.7166666984558105       5.8651628494262695       0.045338839292526245       13.555092811584473       0.0       11.46303939819336       0.013060692697763443
1.7333333492279053       3.6542105674743652       0.043943800032138824       13.523008346557617       0.0       21.20305633544922       0.019047098234295845
1.75       2.4822328090667725       0.04259168356657028       11.211974143981934       0.0       16.435970306396484       0.025002002716064453
1.7666666507720947       -3.288165807723999       0.041281167417764664       -12.74438762664795       0.0       17.112674713134766       0.03151500225067139
1.7833333015441895       2.368502140045166       0.040010977536439896       -7.658405303955078       0.0       16.862497329711914       0.03724340721964836
1.7999999523162842       3.4416959285736084       0.03877987340092659       3.483888864517212       0.0       11.367490768432617       0.042113617062568665
1.8166667222976685       3.6304562091827393       0.03758664429187775       -0.559981644153595       0.0       16.51351547241211       0.046750131994485855
1.8333333730697632       0.42451000213623047       0.036430131644010544       -10.487260818481445       0.0       20.56262969970703       0.051729556173086166
1.850000023841858       2.295839548110962       0.03530920669436455       -0.11633529514074326       0.0       24.167566299438477       0.05824516713619232
1.8666666746139526       6.249274253845215       0.03422277048230171       -2.9869706630706787       0.0       14.556710243225098       0.06429404020309448
1.8833333253860474       -6.757673740386963       0.033169761300086975       -8.932971000671387       0.0       8.69259262084961       0.06231575831770897
1.899999976158142       3.9879159927368164       0.03214915096759796       -5.657317638397217       0.0       12.29417610168457       0.06039835140109062
1.9166666269302368       5.7635393142700195       0.03115994855761528       -8.921977043151855       0.0       15.650395393371582       0.05853993818163872
1.9333332777023315       1.9059983491897583       0.030201179906725883       7.744659423828125       0.0       19.9666690826416       0.0567387118935585
1.9500000476837158       1.934618592262268       0.029271913692355156       3.2623791694641113       0.0       15.505824089050293       0.054992903023958206
1.9666666984558105       1.0808215141296387       0.028371239081025124       7.514756202697754       0.0       17.413700103759766       0.06027045100927353
1.9833333492279053       -1.9618831872940063       0.02749827690422535       8.848838806152344       0.0       23.246410369873047       0.06581355631351471
2.0       -3.2520592212677       0.026652175933122635       7.026910781860352       0.0       31.084327697753906       0.07323157042264938
2.0166666507720947       -4.404407024383545       0.02583210915327072       16.54613494873047       0.0       44.38724899291992       0.08396247774362564
2.0333333015441895       -5.537391662597656       0.02503727562725544       26.0008487701416       0.0       27.40974235534668       0.09490539133548737
2.049999952316284       0.33279410004615784       0.02426689863204956       7.666455268859863       0.0       21.983261108398438       0.10431068390607834
2.066666603088379       -3.432154655456543       0.023520223796367645       3.9523606300354004       0.0       38.518104553222656       0.11265154927968979
2.0833332538604736       2.4916441440582275       0.022796524688601494       12.462637901306152       0.0       31.118511199951172       0.12121835350990295
2.0999999046325684       4.614022731781006       0.0220950935035944       11.224335670471191       0.0       14.710161209106445       0.1285654753446579
2.116666555404663       3.2732834815979004       0.021415244787931442       17.36737632751465       0.0       21.917692184448242       0.13350744545459747
2.133333444595337       4.78783655166626       0.02075631357729435       26.275012969970703       0.0       24.328224182128906       0.13740703463554382
2.1500000953674316       2.113102674484253       0.020117657259106636       12.40903091430664       0.007364900782704353       13.761100769042969       0.14106377959251404
2.1666667461395264       1.5740625858306885       0.019498653709888458       32.27219009399414       0.016461705788969994       13.308866500854492       0.14347690343856812
2.183333396911621       0.16616448760032654       0.018898693844676018       40.80937576293945       0.027194442227482796       22.078874588012695       0.14552371203899384
2.200000047683716       -1.100900411605835       0.018317196518182755       45.5163459777832       0.041974108666181564       44.552486419677734       0.15157222747802734
2.2166666984558105       10.469062805175781       0.017753589898347855       47.91633987426758       0.05839882045984268       21.029083251953125       0.15847720205783844
2.2333333492279053       10.947958946228027       0.017207326367497444       59.5663948059082       0.07685554027557373       -4.1509246826171875       0.15360097587108612
2.25       9.294190406799316       0.016677869483828545       56.30086135864258       0.09628056734800339       5.497709274291992       0.14887478947639465
2.2666666507720947       5.561995983123779       0.016164705157279968       64.77115631103516       0.11754264682531357       5.03413724899292       0.14429403841495514
2.2833333015441895       13.307807922363281       0.015667328611016273       63.4635009765625       0.13891468942165375       -0.8658377528190613       0.13985422253608704
2.299999952316284       -2.232645034790039       0.01518525741994381       117.31153869628906       0.1654096245765686       64.26814270019531       0.13555100560188293
2.316666603088379       24.313575744628906       0.014718018472194672       70.61830139160156       0.19108931720256805       -25.33246421813965       0.13138021528720856
2.3333332538604736       -5.5295186042785645       0.014265156351029873       114.89962768554688       0.21597887575626373       93.10884094238281       0.1273377388715744
2.3499999046325684       -10.766433715820312       0.013826228678226471       98.48004150390625       0.2401026040315628       54.96770477294922       0.12341965734958649
2.366666555404663       20.991289138793945       0.013400806114077568       63.240325927734375       0.26348406076431274       -28.21479034423828       0.1196221262216568
2.383333444595337       -22.106477737426758       0.012988473288714886       133.03439331054688       0.2861461043357849       93.88671112060547       0.11594144999980927
2.4000000953674316       45.78242111206055       0.012588828802108765       67.97053527832031       0.3081108331680298       21.248380661010742       0.11237402260303497
2.4166667461395264       23.10076141357422       0.012201479636132717       99.46471405029297       0.3293997347354889       -86.10193634033203       0.10891635715961456
2.433333396911621       23.10076141357422       0.011826049536466599       99.46471405029297       0.35003358125686646       -86.10193634033203       0.10556508600711823
2.450000047683716       23.10076141357422       0.01146217156201601       99.46471405029297       0.37003254890441895       -86.10193634033203       0.10231693089008331
2.4666666984558105       25.275863647460938       0.022610021755099297       69.22811889648438       0.3894161581993103       -113.8829116821289       0.09916871786117554
2.4833333492279053       13.170852661132812       0.03201448917388916       38.81146240234375       0.4082033634185791       -60.58185577392578       0.06534814089536667
2.5       8.003596305847168       0.03102942742407322       53.739864349365234       0.42268267273902893       -67.08952331542969       0.03256819769740105
2.5166666507720947       5.6493048667907715       0.030074674636125565       40.68907165527344       0.4322149455547333       -132.8798828125       0.0007968675927259028
2.5333333015441895       26.987577438354492       0.02914930135011673       29.01461410522461       0.4401300251483917       -170.37452697753906       -0.029996881261467934
2.549999952316284       28.01115608215332       0.02825239859521389       -43.58537292480469       0.4265875518321991       -232.40087890625       -0.02907390147447586
2.566666603088379       27.441665649414062       0.027383094653487206       -41.56648254394531       0.4134617745876312       -210.6436309814453       -0.028179319575428963
2.5833332538604736       12.009864807128906       0.026540538296103477       41.47254180908203       0.4007398784160614       -202.990234375       -0.0273122638463974
2.5999999046325684       9.401897430419922       0.025723906233906746       -53.720619201660156       0.38840943574905396       -203.1910858154297       -0.026471886783838272
2.616666555404663       -5.015287399291992       0.02493240125477314       -42.66604232788086       0.37645837664604187       -129.23666381835938       -0.02565736696124077
2.633333444595337       -9.64321231842041       0.02416525036096573       -15.48912239074707       0.36487504839897156       -88.9312744140625       -0.024867909029126167
2.6500000953674316       0.34581488370895386       0.02342170476913452       -1.9610257148742676       0.3536480963230133       -83.56729125976562       -0.054871972650289536
2.6666667461395264       -14.247109413146973       0.02270103618502617       -6.809958457946777       0.3427666425704956       33.51414108276367       -0.053183604031801224
2.683333396911621       -8.082120895385742       0.02200254239141941       -22.122150421142578       0.3322199583053589       13.293963432312012       -0.05154718831181526
2.700000047683716       -15.625972747802734       0.02132554166018963       -17.785114288330078       0.32199782133102417       17.984134674072266       -0.04996111989021301
2.7166666984558105       -4.051600933074951       0.020669370889663696       -16.38337516784668       0.3120901882648468       19.094390869140625       -0.048423852771520615
2.7333333492279053       -3.7495672702789307       0.020033391192555428       1.1413569450378418       0.30248740315437317       -22.618297576904297       -0.046933889389038086
2.75       -3.021944284439087       0.01941697858273983       -0.19535651803016663       0.29318010807037354       -13.457901954650879       -0.04548976942896843
2.7666666507720947       -3.8501498699188232       0.01881953328847885       0.058594442903995514       0.28415918350219727       -19.018423080444336       -0.04409008473157883
2.7833333015441895       -4.808862209320068       0.018240470439195633       -0.2603003978729248       0.2754158079624176       -20.049386978149414       -0.04273346811532974
2.799999952316284       -2.6055240631103516       0.017679225653409958       3.67657732963562       0.26694148778915405       -30.85121726989746       -0.053378816694021225
2.816666603088379       0.005727751180529594       0.017135249450802803       0.48919036984443665       0.25872790813446045       -34.13185119628906       -0.06628169864416122
2.8333332538604736       0.1753508597612381       0.016608010977506638       2.4093871116638184       0.2507670521736145       -41.725284576416016       -0.08249510824680328
2.8499999046325684       -0.6689044833183289       0.016096994280815125       1.3593417406082153       0.24305114150047302       -37.06825256347656       -0.0992729663848877
2.866666555404663       0.19330920279026031       0.015601702965795994       0.1445537805557251       0.23557263612747192       -41.250118255615234       -0.11675146967172623
2.883333444595337       -0.12315469980239868       0.015121649950742722       -3.539663791656494       0.22832424938678741       -37.798221588134766       -0.1330217719078064
2.9000000953674316       -0.39509981870651245       0.014656368643045425       -5.330615043640137       0.22129888832569122       -34.974090576171875       -0.14843401312828064
2.9166667461395264       -0.4672009348869324       0.014205403625965118       -5.383166313171387       0.21448969841003418       -34.50927734375       -0.16221916675567627
2.933333396911621       -1.8072991371154785       0.013768314383924007       -6.6507134437561035       0.20789000391960144       -33.612060546875       -0.17486369609832764
2.950000047683716       -1.0944759845733643       0.013344673439860344       -8.458151817321777       0.20149339735507965       -31.35896873474121       -0.18650099635124207
2.9666666984558105       -0.6308954954147339       0.012934068217873573       -7.992166519165039       0.195293590426445       -29.206439971923828       -0.19687393307685852
2.9833333492279053       -0.0797877311706543       0.012536097317934036       -7.997082710266113       0.1892845630645752       -27.401531219482422       -0.20586544275283813
3.0       -0.35077354311943054       0.012150371447205544       -8.471948623657227       0.18346042931079865       -27.010637283325195       -0.2138359695672989
3.0166666507720947       -0.5321212410926819       0.011776513420045376       -8.41998291015625       0.1778154820203781       -26.79704475402832       -0.2211492657661438
3.0333333015441895       -0.18566925823688507       0.011414159089326859       -10.137831687927246       0.17234423756599426       -25.105012893676758       -0.22784502804279327
3.049999952316284       -0.8951156139373779       0.011062954552471638       -6.947815895080566       0.1670413464307785       -22.459712982177734       -0.23355643451213837
3.066666603088379       0.2661024332046509       0.01072255615144968       -7.322722434997559       0.16190160810947418       -25.363243103027344       -0.23884700238704681
3.0833332538604736       -0.7170214056968689       0.010392631404101849       -6.303482532501221       0.15692001581192017       -20.646041870117188       -0.24321186542510986
3.0999999046325684       0.07539411634206772       0.010072858072817326       -3.9241578578948975       0.15209171175956726       -23.628427505493164       -0.24764229357242584
3.116666555404663       -1.0391490459442139       0.00976292323321104       -5.295197486877441       0.14741197228431702       -19.15872573852539       -0.25087493658065796
3.133333444595337       -0.425991415977478       0.009462526068091393       -4.991117477416992       0.14287620782852173       -14.838698387145996       -0.25301480293273926
3.1500000953674316       0.6328386068344116       0.009171371348202229       -4.227156639099121       0.1384800225496292       -19.844039916992188       -0.25444144010543823
3.1666667461395264       -0.23680172860622406       0.00888917502015829       -3.6440505981445312       0.13421909511089325       -11.580286979675293       -0.2545277178287506
3.183333396911621       -0.22038379311561584       0.008615662343800068       -2.765292167663574       0.13008928298950195       -11.837567329406738       -0.2540978789329529
3.200000047683716       0.7085822820663452       0.00835056509822607       -4.798282146453857       0.1260865330696106       -11.65659236907959       -0.25228041410446167
3.2166666984558105       0.7250524163246155       0.008093624375760555       -3.638025999069214       0.12220694869756699       -8.349138259887695       -0.2445179522037506
3.2333333492279053       0.9831784963607788       0.007844589650630951       -4.029474258422852       0.11844673752784729       -6.408862113952637       -0.23699432611465454
3.25       1.1947135925292969       0.007603217847645283       -3.1120753288269043       0.11480221897363663       -0.35261106491088867       -0.2297021895647049
3.2666666507720947       3.0674397945404053       0.007369272876530886       0.8626677393913269       0.11126984655857086       -8.071366310119629       -0.2226344347000122
3.2833333015441895       2.5908758640289307       0.007142525631934404       2.087850332260132       0.10784615576267242       -10.809477806091309       -0.21578413248062134
3.299999952316284       2.434006452560425       0.006922755856066942       2.3924481868743896       0.10452781617641449       -7.946756839752197       -0.20914462208747864
3.316666603088379       0.772369921207428       0.006709747947752476       2.380749464035034       0.1013115718960762       -1.5776937007904053       -0.2027094066143036
3.3333332538604736       1.80081307888031       0.006503294222056866       6.0372314453125       0.09819429367780685       -5.367591857910156       -0.1964721977710724
3.3499999046325684       1.9342933893203735       0.0063031925819814205       6.934860706329346       0.0951729267835617       -3.494060516357422       -0.19042690098285675
3.366666555404663       2.1208667755126953       0.006109248381108046       7.537815570831299       0.09224453568458557       -5.715267658233643       -0.18456760048866272
3.383333444595337       0.2919153571128845       0.005921271629631519       6.131229877471924       0.08940623700618744       2.8213388919830322       -0.17888860404491425
3.4000000953674316       1.529538869857788       0.005739078391343355       7.6420745849609375       0.08665528148412704       -2.731144905090332       -0.17338433861732483
3.4166667461395264       1.538668155670166       0.005562491714954376       8.341484069824219       0.0839889645576477       -2.1867730617523193       -0.16804943978786469
3.433333396911621       0.7611414194107056       0.005391337908804417       8.034980773925781       0.0814046859741211       1.8620253801345825       -0.16287867724895477
3.450000047683716       0.05349249765276909       0.005225450731813908       9.418054580688477       0.07889992743730545       5.317877769470215       -0.15786702930927277
3.4666666984558105       0.4352893531322479       0.005064667668193579       9.599486351013184       0.07647223770618439       3.4083950519561768       -0.1530095785856247
3.4833333492279053       -0.10534748435020447       0.004908831790089607       9.41157054901123       0.07411924749612808       4.953556060791016       -0.1483016014099121
3.5       -0.2662738859653473       0.0047577908262610435       9.627450942993164       0.07183865457773209       8.002538681030273       -0.14373847842216492
3.5166666507720947       -0.5251733064651489       0.004611397162079811       5.5620856285095215       0.06962823122739792       10.320758819580078       -0.13931575417518616
3.5333333015441895       -0.7991400957107544       0.004469507839530706       6.426300525665283       0.06748582422733307       13.618311882019043       -0.13502910733222961
3.549999952316284       0.41904598474502563       0.004331984557211399       6.381333351135254       0.0654093399643898       11.800270080566406       -0.130874365568161
3.566666603088379       1.128126621246338       0.004198692739009857       4.478413105010986       0.06339674443006516       9.087505340576172       -0.12684746086597443
3.5833332538604736       0.47143369913101196       0.0040695019997656345       3.551879405975342       0.06144607439637184       11.763029098510742       -0.12294446676969528
3.5999999046325684       0.2760758697986603       0.003944286610931158       4.180887222290039       0.059555426239967346       12.848909378051758       -0.11916156113147736
3.616666555404663       1.3192142248153687       0.003822924103587866       4.965768814086914       0.05772295221686363       7.8074235916137695       -0.11549504846334457
3.633333444595337       0.8127983212471008       0.0037052957341074944       4.35114860534668       0.05594686046242714       11.660218238830566       -0.11194135993719101
3.6500000953674316       1.2284259796142578       0.0035912864841520786       3.297577381134033       0.05422541871666908       13.554749488830566       -0.1084970086812973
3.6666667461395264       1.762669324874878       0.0034807855263352394       3.178593397140503       0.05255694314837456       12.469474792480469       -0.10515863448381424
3.683333396911621       1.9671950340270996       0.003373684361577034       2.4084255695343018       0.050939805805683136       10.155768394470215       -0.10192298889160156
3.700000047683716       -0.2894850969314575       0.0032698786817491055       3.251089572906494       0.04937242716550827       13.5262451171875       -0.0926024466753006
3.7166666984558105       0.5581433773040771       0.0031692669726908207       2.37286114692688       0.04785327613353729       10.732897758483887       -0.08386582881212234
3.7333333492279053       1.3584752082824707       0.0030717512127012014       5.209115505218506       0.046380870044231415       8.543567657470703       -0.08128534257411957
3.75       0.6987261176109314       0.002977235708385706       6.013079643249512       0.044953763484954834       11.83869743347168       -0.07878425717353821
3.7666666507720947       1.4667599201202393       0.002885628491640091       3.6526026725769043       0.04357057064771652       9.88222885131836       -0.07636012136936188
3.7833333015441895       1.2727508544921875       0.0027968399226665497       4.2703447341918945       0.04222993925213814       9.393205642700195       -0.07401058077812195
3.799999952316284       1.6333203315734863       0.0027107831556349993       4.626457214355469       0.04093055799603462       7.630228519439697       -0.07173333317041397
3.816666603088379       1.8574663400650024       0.002627374604344368       4.595563888549805       0.0396711528301239       8.106051445007324       -0.06952615082263947
3.8333332538604736       2.2017316818237305       0.0025465323124080896       2.3201284408569336       0.03845050185918808       6.335652828216553       -0.06738688796758652
3.8499999046325684       2.243096113204956       0.0024681773502379656       3.6069986820220947       0.03726741299033165       6.597861289978027       -0.0653134435415268
3.866666555404663       2.8437459468841553       0.002392233582213521       2.958667755126953       0.03612072020769119       3.0719058513641357       -0.06330379843711853
3.883333444595337       3.362910032272339       0.002318626269698143       1.27610445022583       0.03500931337475777       -1.9552310705184937       -0.061355993151664734
3.9000000953674316       3.743089199066162       0.00224728393368423       3.489248514175415       0.03393210470676422       -3.2456066608428955       -0.059468116611242294
3.9166667461395264       3.778550148010254       0.0021781367249786854       3.0220489501953125       0.03288803994655609       -3.4507787227630615       -0.05763832852244377
3.933333396911621       3.254997968673706       0.00211111712269485       1.9487451314926147       0.0318761020898819       -0.6939011812210083       -0.0558648407459259
3.950000047683716       3.0550661087036133       0.002046159701421857       4.948949813842773       0.030895298346877098       -0.2730675935745239       -0.054145921021699905
3.9666666984558105       3.7493772506713867       0.0019832008983939886       5.588826656341553       0.02994467318058014       -2.592264175415039       -0.05247989296913147
3.9833333492279053       3.3646750450134277       0.0019221793627366424       4.324319839477539       0.029023298993706703       -2.087313175201416       -0.05086512863636017
4.0       4.1672773361206055       0.001863035373389721       5.328790664672852       0.028130274266004562       -5.796375274658203       -0.049300044775009155
4.016666889190674       4.582887649536133       0.00180571130476892       5.507174015045166       0.027264727279543877       -7.598573684692383       -0.04778312146663666
4.0333333015441895       4.9452714920043945       0.001750150928273797       5.229402542114258       0.026425812393426895       -9.877351760864258       -0.04631287232041359
4.050000190734863       5.20633602142334       0.0016963001107797027       4.567714214324951       0.025612710043787956       -9.58804702758789       -0.044887859374284744
4.066666603088379       4.9982099533081055       0.001644106232561171       6.320260524749756       0.024824626743793488       -8.41864013671875       -0.043506696820259094
4.083333492279053       5.36589241027832       0.0015935184201225638       5.652490139007568       0.024060793220996857       -10.40853500366211       -0.042168028652668
4.099999904632568       5.882849216461182       0.0015444870805367827       6.611146926879883       0.023320460692048073       -14.334700584411621       -0.040870551019907
4.116666793823242       5.963978290557861       0.001496964367106557       5.662792205810547       0.022602908313274384       -14.6063871383667       -0.039612993597984314
4.133333206176758       5.631259441375732       0.0014509039465337992       7.250133514404297       0.02190743386745453       -13.611452102661133       -0.03839413449168205
4.150000095367432       5.646096706390381       0.0014062607660889626       6.334035396575928       0.02123335935175419       -14.181558609008789       -0.044465724378824234
4.166666507720947       6.348033428192139       0.001362991170026362       5.349437236785889       0.020580025389790535       -17.311302185058594       -0.05081343278288841
4.183333396911621       5.818722724914551       0.001321053015999496       7.345607280731201       0.019946793094277382       -13.856255531311035       -0.057007573544979095
4.199999809265137       6.234573841094971       0.0012804052093997598       7.286191940307617       0.019333045929670334       -17.57781410217285       -0.06359215825796127
4.2166666984558105       6.579962253570557       0.0012410080526024103       6.328476428985596       0.01873818226158619       -19.246723175048828       -0.07030533254146576
4.233333110809326       5.354762554168701       0.0012028232449665666       6.341911792755127       0.018161622807383537       -11.997976303100586       -0.07649416476488113
4.25       5.195651531219482       0.0011658133007586002       1.800856113433838       0.01760280318558216       -12.031027793884277       -0.08154380321502686
4.266666889190674       4.604104995727539       0.001129942131228745       4.321323394775391       0.017061179503798485       -8.17452621459961       -0.07903476804494858
4.2833333015441895       5.087807655334473       0.001095174695365131       3.8845553398132324       0.01653621904551983       -12.076642990112305       -0.07660292834043503
4.300000190734863       5.249139308929443       0.0010614769998937845       4.102004528045654       0.016027413308620453       -10.710412979125977       -0.07424591481685638
4.316666603088379       4.81589412689209       0.0010288160992786288       5.1614861488342285       0.015534262172877789       -9.718839645385742       -0.0719614252448082
4.333333492279053       5.197640419006348       0.0009971603285521269       5.387764930725098       0.015056285075843334       -12.233039855957031       -0.06974722445011139
4.349999904632568       6.4615912437438965       0.0009664784302003682       4.688061714172363       0.014593014493584633       -16.405139923095703       -0.06760115921497345
4.366666793823242       5.3854522705078125       0.000936740601900965       4.496620178222656       0.014143998734652996       -11.37159538269043       -0.06552112102508545
4.383333206176758       5.396790981292725       0.0009079178562387824       3.7121427059173584       0.013708798214793205       -11.590018272399902       -0.06350509077310562
4.400000095367432       5.575500965118408       0.0008799819042906165       4.169759273529053       0.01328698918223381       -13.201310157775879       -0.06773761659860611
4.416666507720947       5.188918590545654       0.0008529055048711598       4.731949329376221       0.012878159061074257       -12.738815307617188       -0.07207374274730682
4.433333396911621       5.604443073272705       0.0008266622899100184       3.681318759918213       0.012481908313930035       -12.293167114257812       -0.07639683783054352
4.449999809265137       5.325856685638428       0.0008012265316210687       4.685583591461182       0.012097849510610104       -10.385143280029297       -0.08010508865118027
4.4666666984558105       5.000981330871582       0.0007765733753331006       4.655470371246338       0.011725607328116894       -10.749855995178223       -0.08335895091295242
4.483333110809326       5.56110143661499       0.0007526788394898176       2.961419105529785       0.01136481948196888       -12.130498886108398       -0.0864848643541336
4.5       5.1659255027771       0.0007295194664038718       6.0940961837768555       0.011015133000910282       -9.35344409942627       -0.0838237851858139
4.516666889190674       5.2411417961120605       0.0007070727297104895       4.043879508972168       0.010676206089556217       -10.957478523254395       -0.08124459534883499
4.5333333015441895       5.0663862228393555       0.0006853166269138455       2.583371162414551       0.010347707197070122       -9.933504104614258       -0.07874476164579391
4.550000190734863       4.5894622802734375       0.0006642299704253674       4.895164489746094       0.010029315948486328       -7.763401031494141       -0.07632184773683548
4.566666603088379       5.239194869995117       0.0006437921547330916       3.7276742458343506       0.00972072221338749       -11.869710922241211       -0.07397348433732986
4.583333492279053       5.717412948608398       0.000623983156401664       4.1945085525512695       0.00942162238061428       -14.125496864318848       -0.07169737666845322
4.599999904632568       4.8519978523254395       0.0006047836504876614       4.557260513305664       0.009131726808845997       -11.843050956726074       -0.06949129700660706
4.616666793823242       5.2052903175354       0.0005861749523319304       5.355747699737549       0.008850750513374805       -10.495792388916016       -0.06735310703516006
4.633333206176758       5.300790309906006       0.0005681387847289443       3.4891915321350098       0.00857841968536377       -10.556661605834961       -0.07090824097394943
4.650000095367432       5.643755912780762       0.0005506575689651072       3.3242886066436768       0.008314467966556549       -12.214035987854004       -0.07441746443510056
4.666666507720947       4.782106399536133       0.0005337143084034324       4.818056583404541       0.00805863831192255       -10.198512077331543       -0.07776785641908646
4.683333396911621       4.763510227203369       0.0005172922974452376       5.463497161865234       0.007810680195689201       -8.654071807861328       -0.07537499815225601
4.699999809265137       5.605203151702881       0.0005013755871914327       3.875214099884033       0.00757035193964839       -12.531549453735352       -0.07305576652288437
4.7166666984558105       5.856123447418213       0.00048594866530038416       3.7472569942474365       0.007337417919188738       -13.782160758972168       -0.07080789655447006
4.733333110809326       4.6825079917907715       0.0004709963977802545       4.037695407867432       0.007111651357263327       -8.473397254943848       -0.068629190325737
4.75       4.1895856857299805       0.00045650420361198485       2.958984613418579       0.006892831064760685       -5.643925189971924       -0.06651752442121506
4.766666889190674       3.278081178665161       0.0004424579383339733       3.2192790508270264       0.006680743768811226       -1.889864444732666       -0.06447083503007889
4.7833333015441895       3.7806739807128906       0.00042884383583441377       4.7221856117248535       0.006475182715803385       -5.101624965667725       -0.06248711422085762
4.800000190734863       3.616990327835083       0.00041564865387044847       2.949215888977051       0.006275946274399757       -3.6047403812408447       -0.06056443229317665
4.816666603088379       2.8731088638305664       0.00040285944123752415       1.4424026012420654       0.006082840263843536       0.7559750080108643       -0.058700911700725555
4.833333492279053       2.820737838745117       0.0003904637706000358       2.3372433185577393       0.005895676091313362       1.8912889957427979       -0.056894730776548386
4.849999904632568       2.270503282546997       0.0003784495056606829       2.364786148071289       0.005714270286262035       4.010434627532959       -0.05514412373304367
4.866666793823242       2.2088570594787598       0.0003668049175757915       2.3528683185577393       0.005538446828722954       4.514382839202881       -0.053447380661964417
4.883333206176758       2.577726125717163       0.00035551859764382243       2.5342535972595215       0.005368032958358526       2.5236501693725586       -0.051802847534418106
4.900000095367432       2.1696314811706543       0.0003445795737206936       3.1711063385009766       0.005202862899750471       3.503829002380371       -0.050208911299705505
4.916666507720947       1.6193996667861938       0.0003339771064929664       3.2756712436676025       0.005042774602770805       7.767646312713623       -0.048664022237062454
4.933333396911621       1.0761233568191528       0.0003237008932046592       2.6340620517730713       0.004887612536549568       9.805949211120605       -0.04716666787862778
4.949999809265137       1.229284644126892       0.000313740863930434       0.9011179804801941       0.00473722442984581       9.914886474609375       -0.04571538791060448
4.9666666984558105       3.220330238342285       0.00030408729799091816       4.124956130981445       0.004591463599354029       -0.7859029173851013       -0.04430875927209854
4.983333110809326       2.205625295639038       0.00029473076574504375       1.9773480892181396       0.004450187552720308       4.420963287353516       -0.042945414781570435
5.0       2.072892665863037       0.00028566212859004736       3.306556224822998       0.004313258919864893       6.188467502593994       -0.04162401705980301
5.016666889190674       1.6152061223983765       0.00027687253896147013       1.7550768852233887       0.004180543124675751       7.506119728088379       -0.040343277156353
5.0333333015441895       1.5696061849594116       0.00026835338212549686       2.806270122528076       0.004051911178976297       7.77824592590332       -0.039101943373680115
5.050000190734863       2.5246877670288086       0.0002600963634904474       3.3129677772521973       0.0039272368885576725       2.567021131515503       -0.03789880871772766
5.066666603088379       3.078951120376587       0.00025209339219145477       3.537447690963745       0.0038063989486545324       -0.9890977740287781       -0.036732692271471024
5.083333492279053       2.890483856201172       0.00024433666840195656       3.3015520572662354       0.0036892788484692574       1.6458803415298462       -0.03560245409607887
5.099999904632568       3.0715181827545166       0.0002368186105741188       3.3768794536590576       0.0035757627338171005       1.5159764289855957       -0.03450699523091316
5.116666793823242       2.735999345779419       0.00022953188454266638       3.529681444168091       0.0034657393116503954       2.351557493209839       -0.03344523906707764
5.133333206176758       2.7800562381744385       0.00022246937442105263       3.088061809539795       0.003359101014211774       2.0576834678649902       -0.03241615742444992
5.150000095367432       2.8703925609588623       0.00021562415349762887       4.809672832489014       0.00325574423186481       0.887190580368042       -0.03141873702406883
5.166666507720947       3.251089096069336       0.0002089895715471357       2.9268033504486084       0.0031555674504488707       0.183649480342865       -0.030452005565166473
5.183333396911621       2.8638808727264404       0.00020255912386346608       3.1728196144104004       0.0030584728810936213       2.143479585647583       -0.029515020549297333
5.199999809265137       2.4029693603515625       0.00019632652401924133       4.346377372741699       0.002964366227388382       2.656708240509033       -0.028606867417693138
5.2166666984558105       2.4413323402404785       0.00019028571841772646       2.875465154647827       0.0028731548227369785       4.4922332763671875       -0.027726655825972557
5.233333110809326       2.291168689727783       0.00018443076987750828       1.8336259126663208       0.0027847501914948225       4.23993444442749       -0.026873527094721794
5.25       2.0207560062408447       0.0001787559740478173       2.4428601264953613       0.002699065487831831       6.103208541870117       -0.026046650484204292
5.266666889190674       2.4991188049316406       0.00017325578664895147       3.6354711055755615       0.002616017358377576       3.626466751098633       -0.025245213881134987
5.2833333015441895       1.6058318614959717       0.0001679248525761068       4.39708948135376       0.002535524545237422       5.5979180335998535       -0.0244684386998415
5.300000190734863       2.4660048484802246       0.00016275793313980103       2.5126795768737793       0.0024575083516538143       3.2692296504974365       -0.023715563118457794
5.316666603088379       2.235675811767578       0.00015774999337736517       3.0122897624969482       0.002381892642006278       3.9577364921569824       -0.022985853254795074
5.333333492279053       2.0394985675811768       0.0001528961438452825       1.758927345275879       0.002308603608980775       4.7253851890563965       -0.022278597578406334
5.349999904632568       2.4315500259399414       0.00014819165517110378       4.185573577880859       0.002237569773569703       3.379225254058838       -0.02159310132265091
5.366666793823242       3.207101583480835       0.0001436318998457864       2.277897834777832       0.00216872151941061       0.6604194045066833       -0.020928697660565376
5.383333206176758       2.181079864501953       0.00013921246863901615       2.6996774673461914       0.00210199155844748       3.7442219257354736       -0.020284738391637802
5.400000095367432       2.446486473083496       0.00013492899597622454       2.5936975479125977       0.0020373149309307337       2.9566125869750977       -0.019660592079162598
5.416666507720947       2.5143368244171143       0.00013077733456157148       3.710902214050293       0.001974628306925297       4.617231369018555       -0.019055651500821114
5.433333396911621       2.3311960697174072       0.00012675342441070825       4.008259296417236       0.0019138704519718885       3.905632257461548       -0.018469324335455894
5.449999809265137       1.7176955938339233       0.00012285332195460796       3.891540765762329       0.001854982110671699       6.512391090393066       -0.017901036888360977
5.4666666984558105       1.1560925245285034       0.00011907321459148079       5.260733604431152       0.0017979057738557458       9.531294822692871       -0.01735023595392704
5.483333110809326       2.490370750427246       0.00011540942068677396       2.1386947631835938       0.0017425855621695518       3.3530075550079346       -0.016816381365060806
5.5       2.128969430923462       0.00011185836046934128       3.1863889694213867       0.0016889675753191113       4.143486976623535       -0.01629895530641079
5.516666889190674       2.3489365577697754       0.00010841657058335841       3.253883123397827       0.0016369993099942803       3.8044497966766357       -0.01579744927585125
5.5333333015441895       3.2507553100585938       0.00010508067498449236       4.315187454223633       0.001586630125530064       -0.01681843027472496       -0.01531137339770794
5.550000190734863       3.0015037059783936       0.0001018474213196896       4.737549304962158       0.0015378107782453299       1.4768978357315063       -0.014840254560112953
5.566666603088379       3.011944055557251       9.871365909930319e-05       1.7538220882415771       0.0014904935378581285       -0.1779402792453766       -0.014383630827069283
5.583333492279053       2.9977729320526123       9.567631059326231e-05       3.93457293510437       0.0014446321874856949       1.6826739311218262       -0.013941057957708836
5.599999904632568       2.5818753242492676       9.273242903873324e-05       3.8910787105560303       0.0014001819072291255       3.400876998901367       -0.013512101955711842
5.616666793823242       2.82517671585083       8.987911860458553e-05       4.650039196014404       0.0013570993905887008       -0.034345321357250214       -0.013096344657242298
5.633333206176758       3.0969643592834473       8.711360715096816e-05       4.2246856689453125       0.0013153424952179193       0.2644394338130951       -0.012693380936980247
5.650000095367432       2.874908685684204       8.443318802164868e-05       0.5630716681480408       0.0012748704757541418       2.264425039291382       -0.012302814982831478
5.666666507720947       3.293520450592041       8.183524914784357e-05       3.653719186782837       0.0012356436345726252       -0.039037223905324936       -0.011924266815185547
5.683333396911621       3.5137720108032227       7.931723666843027e-05       1.9341554641723633       0.0011976237874478102       -4.115871906280518       -0.011557366698980331
5.699999809265137       2.9714808464050293       7.687670586165041e-05       4.5862274169921875       0.0011607739143073559       0.7427829504013062       -0.01120175514370203
5.7166666984558105       3.5030107498168945       7.451127021340653e-05       4.496474742889404       0.001125057809986174       -3.1724610328674316       -0.010857085697352886
5.733333110809326       2.870044469833374       7.221861596917734e-05       5.45020055770874       0.0010904405498877168       -0.1025349572300911       -0.010523021221160889
5.75       3.0552024841308594       6.999650213401765e-05       4.444093227386475       0.0010568886063992977       -0.5538951754570007       -0.010199236683547497
5.766666889190674       2.7632737159729004       6.784276774851605e-05       4.47921085357666       0.001024368917569518       2.8212876319885254       -0.009885413572192192
5.7833333015441895       3.0100951194763184       6.575529550900683e-05       4.616587162017822       0.0009928499348461628       -0.5161338448524475       -0.009581247344613075
5.800000190734863       3.657085657119751       6.373205542331561e-05       4.950464725494385       0.000962300633545965       -2.7058944702148438       -0.009286439046263695
5.816666603088379       3.124978542327881       6.177106843097135e-05       5.720080852508545       0.0009326913859695196       -0.9105827808380127       -0.009000702761113644
5.833333492279053       3.619874954223633       5.987042095512152e-05       4.97151517868042       0.0009039932047016919       -2.5091025829315186       -0.008723758161067963
5.849999904632568       3.198838233947754       5.802825398859568e-05       4.211503982543945       0.0008761780336499214       -1.8745465278625488       -0.008455335162580013
5.866666793823242       3.797997236251831       5.624277036986314e-05       6.963237285614014       0.0008492186898365617       -5.366386890411377       -0.00819517020136118
5.883333206176758       4.265378952026367       5.451222386909649e-05       5.585048198699951       0.0008230889216065407       -5.9657697677612305       -0.007943011820316315
5.900000095367432       4.004487991333008       5.283492282615043e-05       6.151360988616943       0.0007977631175890565       -5.9392499923706055       -0.007698611356317997
5.916666507720947       4.315723419189453       5.120923378854059e-05       7.245048522949219       0.0007732165395282209       -5.316287040710449       -0.007461730856448412
5.933333396911621       4.83441162109375       4.963356695952825e-05       5.749941349029541       0.0007494252640753984       -8.668947219848633       -0.007232139352709055
5.949999809265137       4.926229000091553       4.810637983609922e-05       5.167355537414551       0.0007263660081662238       -8.33401107788086       -0.007009611930698156
5.9666666984558105       4.611894607543945       4.6626184484921396e-05       8.42614459991455       0.0007040163036435843       -8.249385833740234       -0.006793931592255831
5.983333110809326       5.454294204711914       4.519152935245074e-05       7.865231990814209       0.0006823542644269764       -11.372005462646484       -0.006584887392818928
6.0       4.684268951416016       4.380102109280415e-05       8.383696556091309       0.0006613587611354887       -8.232400894165039       -0.006382275372743607
6.016666889190674       4.60650634765625       4.245329910190776e-05       9.293704986572266       0.0006410092464648187       -9.182040214538574       -0.006185897625982761
6.0333333015441895       5.214259147644043       4.11470427934546e-05       8.380430221557617       0.0006212858716025949       -13.437868118286133       -0.005995562300086021
6.050000190734863       4.899893760681152       3.9880978874862194e-05       7.941896438598633       0.0006021693698130548       -7.993568420410156       -0.005811083596199751
6.066666603088379       5.481743335723877       3.865387407131493e-05       9.108738899230957       0.0005836411146447062       -11.290258407592773       -0.005632280837744474
6.083333492279053       5.3441386222839355       3.7464524211827666e-05       7.689899921417236       0.0005656828870996833       -12.357056617736816       -0.005458979867398739
6.099999904632568       6.173187732696533       3.6311768781160936e-05       8.263082504272461       0.0005482772830873728       -16.21877098083496       -0.0052910116501152515
6.116666793823242       5.864424228668213       3.519448364386335e-05       9.469155311584473       0.0005314071895554662       -15.053722381591797       -0.005128210876137018
6.133333206176758       6.079692840576172       3.411157740629278e-05       11.639006614685059       0.0005150562501512468       -15.546562194824219       -0.012979785911738873
6.150000095367432       6.69708776473999       3.306198777863756e-05       9.617539405822754       0.0004992083413526416       -19.153812408447266       -0.021091926842927933
6.166666507720947       6.201040267944336       3.2044696126831695e-05       11.431072235107422       0.0004838480963371694       -16.890398025512695       -0.02926870435476303
6.183333396911621       6.0632147789001465       3.105870564468205e-05       11.57612133026123       0.0004689604393206537       -17.034542083740234       -0.03744841367006302
6.199999809265137       6.3728742599487305       3.0103054086794145e-05       10.359811782836914       0.0004545309056993574       -17.38027572631836       -0.0450730100274086
6.2166666984558105       6.169471740722656       2.917680649261456e-05       9.783032417297363       0.0004405453219078481       -16.887264251708984       -0.052462462335824966
6.233333110809326       6.344738006591797       2.827905882440973e-05       9.782026290893555       0.00042699009645730257       -17.109928131103516       -0.05963746830821037
6.25       6.343939304351807       2.740893432928715e-05       9.019062042236328       0.000413851928897202       -17.005081176757812       -0.06652747094631195
6.266666889190674       6.57386589050293       2.6565581720205955e-05       9.759725570678711       0.00040111804264597595       -17.95311737060547       -0.07338790595531464
6.2833333015441895       5.552598476409912       2.5748178813955747e-05       8.88626766204834       0.00038877592305652797       -13.830195426940918       -0.07947620004415512
6.300000190734863       5.457361698150635       2.4955927074188367e-05       9.801627159118652       0.00037681360845454037       -13.54532241821289       -0.08478528261184692
6.316666603088379       5.703867435455322       2.4188053430407308e-05       7.724747180938721       0.0003652193408925086       -14.604960441589355       -0.08935824781656265
6.333333492279053       6.048856258392334       2.3443804820999503e-05       10.116056442260742       0.0003539818280842155       -14.422950744628906       -0.09389185905456543
6.349999904632568       5.349050521850586       2.272245728818234e-05       8.816797256469727       0.0003430900687817484       -14.002644538879395       -0.09836427122354507
6.366666793823242       6.06497859954834       2.2023305064067245e-05       7.764797687530518       0.0003325334400869906       -17.77709197998047       -0.10324161499738693
6.383333206176758       5.901569366455078       2.1345664208638482e-05       8.886602401733398       0.0003223016392439604       -15.617267608642578       -0.10817325115203857
6.400000095367432       6.361904621124268       2.0688874428742565e-05       8.902793884277344       0.0003123846836388111       -16.368995666503906       -0.1133580431342125
6.416666507720947       6.127980709075928       2.0052293621120043e-05       6.879488468170166       0.00030277285259217024       -16.377052307128906       -0.11814375966787338
6.433333396911621       6.263217926025391       1.9435299691394903e-05       7.487064838409424       0.00029345674556680024       -16.617076873779297       -0.12295322120189667
6.449999809265137       5.992949485778809       1.883729055407457e-05       8.278212547302246       0.00028442731127142906       -15.617164611816406       -0.12748609483242035
6.4666666984558105       6.238612174987793       1.8257682313560508e-05       6.518729209899902       0.00027567570214159787       -15.687748908996582       -0.1317616105079651
6.483333110809326       6.348273277282715       1.769590744515881e-05       6.808048248291016       0.00026719339075498283       -18.620410919189453       -0.13624827563762665
6.5       6.1232523918151855       1.7151418433059007e-05       7.171878337860107       0.0002589720534160733       -16.208890914916992       -0.1406981199979782
6.516666889190674       6.0881781578063965       1.6623682313365862e-05       6.854030132293701       0.0002510036574676633       -15.529289245605469       -0.14498400688171387
6.5333333015441895       6.008719444274902       1.611218431207817e-05       7.909017086029053       0.00024328047584276646       -14.021886825561523       -0.14835125207901
6.550000190734863       5.874413967132568       1.5616424207109958e-05       6.779389381408691       0.00023579492699354887       -16.702648162841797       -0.15169942378997803
6.566666603088379       6.077775478363037       1.5135919056774583e-05       6.739819049835205       0.00022853970585856587       -16.840181350708008       -0.15516875684261322
6.583333492279053       6.631687641143799       1.4670198652311228e-05       6.5073065757751465       0.000221507711103186       -18.265274047851562       -0.1592572182416916
6.599999904632568       5.922749042510986       1.4218808246369008e-05       6.272415637969971       0.00021469208877533674       -15.1680908203125       -0.16295740008354187
6.616666793823242       6.0006866455078125       1.378130582452286e-05       7.854071617126465       0.00020808617409784347       -13.921791076660156       -0.16604454815387726
6.633333206176758       6.1606903076171875       1.3357265743252356e-05       7.2909836769104       0.00020168352057226002       -15.181313514709473       -0.1685091257095337
6.650000095367432       5.847385883331299       1.2946273272973485e-05       7.502129077911377       0.00019547788542695343       -15.832143783569336       -0.17101141810417175
6.666666507720947       6.0257062911987305       1.2547926417028066e-05       7.505199909210205       0.00018946317140944302       -15.363758087158203       -0.1736835092306137
6.683333396911621       5.67109489440918       1.2161835911683738e-05       8.331986427307129       0.0001836335432017222       -14.723727226257324       -0.17619499564170837
6.699999809265137       5.616262435913086       1.178762613562867e-05       8.364137649536133       0.00017798328190110624       -12.94879150390625       -0.1781359165906906
6.7166666984558105       5.851633071899414       1.1424929653003346e-05       7.334713459014893       0.00017250687233172357       -14.559515953063965       -0.17987963557243347
6.733333110809326       6.287306785583496       1.1073393579863477e-05       6.973948001861572       0.00016719895938877016       -18.990150451660156       -0.18229947984218597
6.75       5.401543617248535       1.0732673217717092e-05       6.662123680114746       0.00016205437714233994       -12.59826374053955       -0.18458497524261475
6.766666889190674       5.975279331207275       1.0402437510492746e-05       6.706554889678955       0.0001570680906297639       -16.394750595092773       -0.18711411952972412
6.7833333015441895       6.248721599578857       1.0082362678076606e-05       7.157189846038818       0.00015223522495944053       -15.863655090332031       -0.18903058767318726
6.800000190734863       5.85818338394165       9.772135854291264e-06       7.807990074157715       0.00014755106531083584       -14.767580032348633       -0.19125911593437195
6.816666603088379       4.962278842926025       9.47145508689573e-06       8.35029411315918       0.0001430110278306529       -11.15311336517334       -0.19252239167690277
6.833333492279053       6.069723606109619       9.180025699606631e-06       8.403508186340332       0.00013861068873666227       -14.940581321716309       -0.19358883798122406
6.849999904632568       5.3305511474609375       8.897563020582311e-06       7.244724750518799       0.0001343457552138716       -12.730374336242676       -0.19427403807640076
6.866666793823242       5.753630638122559       8.623792382422835e-06       8.025697708129883       0.0001302120363106951       -13.171126365661621       -0.1952834129333496
6.883333206176758       5.83466911315918       8.358444574696478e-06       7.244237899780273       0.00012620551569852978       -13.741394996643066       -0.19605652987957
6.900000095367432       5.7544121742248535       8.101261300907936e-06       7.7885026931762695       0.00012232226436026394       -15.642403602600098       -0.19730405509471893
6.916666507720947       6.037153720855713       7.851992450014222e-06       7.743721961975098       0.00011855849879793823       -15.160895347595215       -0.19885364174842834
6.933333396911621       6.080665588378906       7.610392458445858e-06       7.862358570098877       0.00011491054465295747       -15.582464218139648       -0.20067048072814941
6.949999809265137       5.735286235809326       7.376226221822435e-06       7.4438090324401855       0.00011137483670609072       -13.991010665893555       -0.20214888453483582
6.9666666984558105       5.623534202575684       7.149265456973808e-06       8.219167709350586       0.00010794791887747124       -12.584784507751465       -0.20314112305641174
6.983333110809326       5.1653733253479       6.929288247192744e-06       7.0287184715271       0.0001046264442265965       -14.030434608459473       -0.2038373053073883
7.0       5.615759372711182       6.716079496982275e-06       5.840132236480713       0.00010140716767637059       -12.749185562133789       -0.2042996734380722
7.016666889190674       4.466189861297607       6.509430932055693e-06       3.874021053314209       9.828695328906178e-05       -6.782315254211426       -0.1980135291814804
7.0333333015441895       4.265640735626221       6.309140644589206e-06       5.0766377449035645       9.526273788651451e-05       -6.243398189544678       -0.19192080199718475
7.050000190734863       3.9864840507507324       6.115013093221933e-06       3.88952898979187       9.233157470589504e-05       -5.783595561981201       -0.1860155463218689
7.066666603088379       5.1696271896362305       5.926859103055904e-06       2.895111560821533       8.949060429586098e-05       -10.668227195739746       -0.18029199540615082
7.083333492279053       3.361832618713379       5.744494046666659e-06       3.497074604034424       8.673704724060372e-05       -1.1528294086456299       -0.17474454641342163
7.099999904632568       3.6146163940429688       5.567740117840003e-06       2.8947434425354004       8.4068211435806e-05       -3.9635603427886963       -0.16936779022216797
7.116666793823242       3.42863392829895       5.3964254220773e-06       2.7297756671905518       8.148149936459959e-05       -2.0560433864593506       -0.1641564667224884
7.133333206176758       3.210803747177124       5.230381248111371e-06       1.393326759338379       7.897437899373472e-05       -1.1615358591079712       -0.15910550951957703
7.150000095367432       3.648500680923462       5.069446615380002e-06       3.198770761489868       7.654439832549542e-05       -1.8000062704086304       -0.1542099565267563
7.166666507720947       2.813720464706421       4.913463726552436e-06       3.9317595958709717       7.418918539769948e-05       0.39494702219963074       -0.14946502447128296
7.183333396911621       3.3065037727355957       4.762280241266126e-06       0.9043623208999634       7.19064410077408e-05       -1.5538171529769897       -0.14486610889434814
7.199999809265137       2.3727498054504395       4.615748366632033e-06       2.3815107345581055       6.969393143663183e-05       3.5821855068206787       -0.1404086798429489
7.2166666984558105       3.589771270751953       4.47372531198198e-06       2.9090161323547363       6.754950300091878e-05       -2.2196037769317627       -0.13608841598033905
7.233333110809326       3.219586133956909       4.336072379373945e-06       3.012470006942749       6.547106022480875e-05       0.38555821776390076       -0.1319010853767395
7.25       2.3660778999328613       4.2026545088447165e-06       1.7851030826568604       6.345656584016979e-05       4.167809009552002       -0.12784259021282196
7.266666889190674       1.8472940921783447       4.073342097399291e-06       2.5697178840637207       6.150405533844605e-05       5.615147113800049       -0.12390896677970886
7.2833333015441895       1.8472940921783447       3.948008725274121e-06       2.5697178840637207       5.961162241874263e-05       5.615147113800049       -0.12009638547897339
7.300000190734863       2.1207661628723145       3.826531610684469e-06       -0.7697911262512207       5.777741898782551e-05       3.814269542694092       -0.11640111356973648
7.316666603088379       1.7958554029464722       3.708792064571753e-06       1.1979986429214478       5.599965152214281e-05       5.426520824432373       -0.11281953752040863
7.333333492279053       1.8123927116394043       3.594675263229874e-06       3.7526674270629883       5.427658470580354e-05       5.82708740234375       -0.10934817045927048
7.349999904632568       2.9111533164978027       3.48407002093154e-06       3.903015613555908       5.260653779259883e-05       1.852491855621338       -0.10598360747098923
7.366666793823242       2.0457561016082764       3.376867880433565e-06       2.4584152698516846       5.098787369206548e-05       4.870131015777588       -0.10272257775068283
7.383333206176758       2.590843439102173       3.272964249845245e-06       3.803159475326538       4.941901715938002e-05       1.7510350942611694       -0.09956188499927521
7.400000095367432       2.6815271377563477       3.1722574931336567e-06       4.032158851623535       4.789843296748586e-05       3.2638251781463623       -0.09649843722581863
7.416666507720947       2.217024326324463       3.0746496122446842e-06       2.5152785778045654       4.64246331830509e-05       4.124949932098389       -0.09352925419807434
7.433333396911621       2.3058810234069824       2.9800451102346415e-06       2.3601315021514893       4.499618444242515e-05       3.6608307361602783       -0.09065143018960953
7.449999809265137       2.586674928665161       2.888351446017623e-06       3.472691774368286       4.361168612376787e-05       1.454940676689148       -0.08786215633153915
7.4666666984558105       2.1774091720581055       2.799479034365504e-06       3.9691033363342285       4.226978853694163e-05       3.403355598449707       -0.08515870571136475
7.483333110809326       2.1010923385620117       2.713341245907941e-06       3.9914188385009766       4.096917837159708e-05       4.56479024887085       -0.08253844082355499
7.5       2.082559585571289       2.629853725011344e-06       3.200504779815674       3.9708589611109346e-05       4.144944667816162       -0.07999879121780396
7.516666889190674       2.4822869300842285       2.5489352992735803e-06       3.5126147270202637       3.8486785342684016e-05       2.1331801414489746       -0.07753729075193405
7.5333333015441895       2.314293146133423       2.4705063879082445e-06       4.330101013183594       3.730257594725117e-05       3.9951813220977783       -0.07515153288841248
7.550000190734863       2.4383702278137207       2.394490820734063e-06       2.4322822093963623       3.615480454755016e-05       3.124530553817749       -0.0728391781449318
7.566666603088379       2.685285806655884       2.3208142465591663e-06       2.3236441612243652       3.504235064610839e-05       1.5819180011749268       -0.07059796899557114
7.583333492279053       2.394667625427246       2.2494045879284386e-06       3.5890116691589355       3.396412284928374e-05       3.9522674083709717       -0.0684257224202156
7.599999904632568       2.6671366691589355       2.1801920411235187e-06       2.3029592037200928       3.291907341917977e-05       0.8396217823028564       -0.06632031500339508
7.616666793823242       1.7880522012710571       2.1131093035364756e-06       2.674712896347046       3.190618008375168e-05       5.995843887329102       -0.06427969038486481
7.633333206176758       2.042335033416748       2.0480904368014308e-06       4.1786580085754395       3.092444967478514e-05       4.388200283050537       -0.06230185553431511
7.650000095367432       2.349064826965332       1.985072231036611e-06       3.37276291847229       2.9972929041832685e-05       5.036590099334717       -0.060384877026081085
7.666666507720947       1.8426671028137207       1.9239932953496464e-06       3.652472734451294       2.9050685043330304e-05       6.023499011993408       -0.05852688103914261
7.683333396911621       3.453883171081543       1.8647933757165447e-06       2.4927167892456055       2.815681727952324e-05       -1.2171684503555298       -0.05672605335712433
7.699999809265137       3.114283561706543       1.8074151739710942e-06       4.198606014251709       2.729045445448719e-05       0.27006736397743225       -0.05498063564300537
7.7166666984558105       2.570087432861328       1.7518024151286227e-06       3.1676154136657715       2.6450747100170702e-05       1.9036030769348145       -0.05328892543911934
7.733333110809326       3.2647249698638916       1.6979007568806992e-06       3.5750527381896973       2.5636878490331583e-05       -0.46625232696533203       -0.05164926499128342
7.75       2.2633750438690186       1.6456576759082964e-06       4.611929416656494       2.484805190761108e-05       4.233335494995117       -0.050060056149959564
7.766666889190674       2.8389434814453125       1.5950220131344395e-06       4.17824125289917       2.408349610050209e-05       2.0273594856262207       -0.04851974546909332
7.7833333015441895       2.337308168411255       1.5459444284715573e-06       3.64951491355896       2.3342465283349156e-05       3.629305839538574       -0.04702683165669441
7.800000190734863       2.6845083236694336       1.4983769460741314e-06       2.5906505584716797       2.262423549836967e-05       2.9166758060455322       -0.04557985067367554
7.816666603088379       2.40159010887146       1.4522729543386959e-06       2.7450718879699707       2.192810643464327e-05       3.400998592376709       -0.04417739436030388
7.833333492279053       2.0691351890563965       1.4075876606511883e-06       6.0669755935668945       2.1253394152154215e-05       4.9519171714782715       -0.0428180918097496
7.849999904632568       2.3945255279541016       1.364277295579086e-06       2.7563493251800537       2.0599443814717233e-05       1.8006387948989868       -0.04150060936808586
7.866666793823242       2.9615447521209717       1.3222995676187566e-06       2.7101387977600098       1.9965615138062276e-05       1.0879794359207153       -0.04022366926074028
7.883333206176758       2.9615447521209717       1.2816134358217823e-06       2.7101387977600098       1.9351287846802734e-05       1.0879794359207153       -0.03898601979017258
7.900000095367432       2.8898842334747314       1.2421791097949608e-06       3.081624746322632       1.875586349342484e-05       0.31850361824035645       -0.03778644651174545
7.916666507720947       2.8898842334747314       1.2039582770739798e-06       3.081624746322632       1.817876000131946e-05       0.31850361824035645       -0.03662378713488579
7.933333396911621       2.8109524250030518       1.1669134210023913e-06       3.162447452545166       1.7619413483771496e-05       1.8431737422943115       -0.03549690172076225
7.949999809265137       2.3563320636749268       1.1310083891657996e-06       3.179475784301758       1.707727824395988e-05       3.453643798828125       -0.0344046913087368
7.9666666984558105       2.566763401031494       1.0962080523313489e-06       1.9701226949691772       1.6551823136978783e-05       2.3627235889434814       -0.033346083015203476
7.983333110809326       2.2450644969940186       1.0624786455082358e-06       2.207850456237793       1.6042537026805803e-05       3.330664873123169       -0.0323200523853302
8.0       1.765485167503357       1.0297869721398456e-06       1.6204725503921509       1.5548919691354968e-05       7.502562522888184       -0.03132558614015579
8.016666412353516       2.441617727279663       9.981011999116163e-07       2.6195459365844727       1.5070491826918442e-05       2.216926097869873       -0.03036172315478325
8.033333778381348       2.0518200397491455       9.673904060036875e-07       -0.7153510451316833       1.460678413423011e-05       4.314454078674316       -0.02942751720547676
8.050000190734863       2.805198907852173       9.37624520247482e-07       1.0431076288223267       1.4157344594423193e-05       0.7202233076095581       -0.028522053733468056
8.066666603088379       2.806264877319336       9.087745524993807e-07       0.13432732224464417       1.3721733921556734e-05       1.8820984363555908       -0.027644453570246696
8.083333015441895       2.2712316513061523       8.808122515802097e-07       1.334980845451355       1.3299527381605003e-05       4.452877998352051       -0.02679385431110859
8.100000381469727       2.3602397441864014       8.537103326489159e-07       0.457396924495697       1.2890311154478695e-05       2.352492332458496       -0.025969428941607475
8.116666793823242       2.9314346313476562       8.274423066723102e-07       0.9229983687400818       1.2493685972003732e-05       1.8816031217575073       -0.02517036907374859
8.133333206176758       1.152712345123291       8.019825941119052e-07       1.0346529483795166       1.2109264389437158e-05       7.973791122436523       -0.02439589612185955
8.149999618530273       2.795717716217041       7.773061838634021e-07       1.8772392272949219       1.1736671694961842e-05       0.017919782549142838       -0.023645251989364624
8.166666984558105       2.380855083465576       7.533890880040417e-07       0.20540077984333038       1.1375544090697076e-05       3.260437250137329       -0.02291770651936531
8.183333396911621       2.3403561115264893       7.302078870452533e-07       2.4178099632263184       1.1025526873709168e-05       4.8311381340026855       -0.022212546318769455
8.199999809265137       2.6397175788879395       7.077399573063303e-07       1.5827972888946533       1.0686279892979655e-05       0.41719815135002136       -0.02152908407151699
8.216666221618652       2.132840633392334       6.859633003841736e-07       1.0985268354415894       1.035747118294239e-05       3.9181392192840576       -0.020866649225354195
8.233333587646484       3.194819927215576       6.64856770526967e-07       1.289923906326294       1.0038779691967648e-05       0.3985177278518677       -0.020224599167704582
8.25       2.8466227054595947       6.443996198868263e-07       0.16973499953746796       9.72989437286742e-06       0.7521417737007141       -0.019602304324507713
8.266666412353516       2.306405782699585       6.245719532671501e-07       1.1524494886398315       9.43051327340072e-06       4.005239009857178       -0.01899915561079979
8.283333778381348       2.220320224761963       6.053543302186881e-07       1.2928844690322876       9.140343536273576e-06       3.380157470703125       -0.018414566293358803
8.300000190734863       1.6930124759674072       5.867280492566351e-07       0.3831559419631958       8.859102308633737e-06       6.657649993896484       -0.01784796454012394
8.316666603088379       1.7115806341171265       5.686748636435368e-07       0.8284028768539429       8.586514013586566e-06       5.907922744750977       -0.017298797145485878
8.333333015441895       2.2789835929870605       5.511772087629652e-07       3.221696376800537       8.322313988173846e-06       5.04194974899292       -0.01676652580499649
8.350000381469727       3.09816837310791       5.342179179024242e-07       1.6254212856292725       8.066243026405573e-06       -0.9598485827445984       -0.01625063270330429
8.366666793823242       1.9440099000930786       5.177804496270255e-07       1.643440842628479       7.818051017238759e-06       6.564500331878662       -0.015750613063573837
8.383333206176758       2.3234341144561768       5.018487172492314e-07       1.5961886644363403       7.57749512558803e-06       3.807117462158203       -0.015265978872776031
8.399999618530273       2.1648497581481934       4.864072025156929e-07       0.7427800297737122       7.344341611315031e-06       3.987445592880249       -0.014796257019042969
8.416666984558105       2.4621593952178955       4.714408419204119e-07       1.8892379999160767       7.1183617365022656e-06       2.99995756149292       -0.014340987429022789
8.433333396911621       1.9934877157211304       4.569349698613223e-07       2.4419031143188477       6.8993354034319054e-06       6.43029260635376       -0.0138997258618474
8.449999809265137       2.17002534866333       4.428754323271278e-07       2.2586569786071777       6.687047971354332e-06       3.290508508682251       -0.013472042046487331
8.466666221618652       3.0911216735839844       4.2924850163217343e-07       0.728417694568634       6.481292530224891e-06       0.5354323983192444       -0.013057517819106579
8.483333587646484       2.5654828548431396       4.160408479947364e-07       1.6694191694259644       6.281868081714492e-06       2.5048105716705322       -0.012655748054385185
8.5       1.8593125343322754       4.032395963804447e-07       0.45883098244667053       6.088579993956955e-06       4.6714653968811035       -0.012266340665519238
8.516666412353516       3.113889694213867       3.9083221281543956e-07       1.1337769031524658       5.901239092054311e-06       0.4247532784938812       -0.011888914741575718
8.533333778381348       2.0590760707855225       3.7880661807321303e-07       -0.08310350775718689       5.719662567571504e-06       4.356417655944824       -0.011523101478815079
8.550000190734863       2.165849208831787       3.671510171443515e-07       2.1571383476257324       5.543673069041688e-06       2.7350480556488037       -0.011168545112013817
8.566666603088379       2.417102336883545       3.5585406976679224e-07       1.214494228363037       5.373098247218877e-06       3.5486979484558105       -0.010824897326529026
8.583333015441895       1.90882408618927       3.449047198955668e-07       2.259477138519287       5.207772119319998e-06       5.789814472198486       -0.01049182377755642
8.600000381469727       2.2830252647399902       3.3429225254621997e-07       1.8134647607803345       5.047533250035485e-06       4.987313270568848       -0.010168998502194881
8.616666793823242       2.018829584121704       3.2400635063822847e-07       0.4570673108100891       4.892224296781933e-06       4.039114952087402       -0.009856105782091618
8.633333206176758       2.008065700531006       3.140369244647445e-07       1.0835070610046387       4.7416942834388465e-06       4.697957515716553       -0.009552841074764729
8.649999618530273       2.414360761642456       3.043742538011429e-07       0.24015219509601593       4.5957963266118895e-06       0.965972900390625       -0.009258907288312912
8.666666984558105       2.095029592514038       2.9500887421818334e-07       1.5959970951080322       4.454387180885533e-06       4.380794525146484       -0.008974018506705761
8.683333396911621       2.056032657623291       2.8593169076884806e-07       0.5571364164352417       4.317329057812458e-06       4.592531204223633       -0.008697894401848316
8.699999809265137       1.8162399530410767       2.7713377903637593e-07       1.911694049835205       4.184488261671504e-06       6.076957702636719       -0.008430266752839088
8.716666221618652       2.710162878036499       2.686065840862284e-07       0.7524407505989075       4.055734734720318e-06       4.253461837768555       -0.00817087385803461
8.733333587646484       2.3218698501586914       2.6034177835754235e-07       1.5398143529891968       3.930942966690054e-06       3.4331722259521484       -0.007919462397694588
8.75       2.285568952560425       2.5233126166313014e-07       0.6616042256355286       3.809990630543325e-06       5.611621379852295       -0.007675786968320608
8.766666412353516       2.64347505569458       2.445672180328984e-07       0.3356054425239563       3.6927601740899263e-06       1.920621633529663       -0.007439608685672283
8.783333778381348       2.472669839859009       2.370420730812839e-07       0.9470093250274658       3.579136773623759e-06       3.4916670322418213       -0.007210697513073683
8.800000190734863       1.6426615715026855       2.297484797963989e-07       1.056300163269043       3.4690094707912067e-06       6.810088157653809       -0.006988829933106899
8.816666603088379       2.4685895442962646       2.2267929011832166e-07       -0.4230767786502838       3.362270717843785e-06       2.1835179328918457       -0.006773788947612047
8.833333015441895       2.656785011291504       2.1582762599337002e-07       0.41526252031326294       3.2588163776381407e-06       2.69207501411438       -0.006565365009009838
8.850000381469727       1.9415006637573242       2.091867656872637e-07       -0.12207886576652527       3.1585450415150262e-06       2.5983996391296387       -0.006363353691995144
8.866666793823242       2.366626262664795       2.0275025747196196e-07       1.8637921810150146       3.061358938794001e-06       4.404331207275391       -0.006167558021843433
8.883333206176758       2.484849214553833       1.9651179172797129e-07       0.20398668944835663       2.967163254652405e-06       2.6346793174743652       -0.00597778707742691
8.899999618530273       2.2219502925872803       1.9046527199861885e-07       0.8148095011711121       2.875865902751684e-06       1.9479866027832031       -0.005793855059891939
