t       fx       vx       fy       vy       fz       vz
0.0       0.6841533780097961       0.0       -0.3836299180984497       0.0       -3.6198034286499023       0.0
0.01666666753590107       -0.6460861563682556       0.0       -0.5596343278884888       0.0       1.1764179468154907       0.0
0.03333333507180214       -1.4977425336837769       0.0       -0.6027895212173462       0.0       2.553807497024536       0.0
0.05000000074505806       -1.0381382703781128       0.0       -1.4376499652862549       0.0       1.7466928958892822       0.0
0.06666667014360428       -1.2720586061477661       0.0       -0.9465298652648926       0.0       1.8565027713775635       0.0
0.0833333358168602       -1.3915212154388428       0.0       -1.3264789581298828       0.0       2.40264630317688       0.0
0.10000000149011612       -1.2459648847579956       0.0       -1.8380589485168457       0.0       1.2396425008773804       0.0
0.11666666716337204       -1.12682044506073       0.0       -0.7752690315246582       0.0       2.377593755722046       0.0
0.13333334028720856       -0.5245213508605957       0.0       -0.6404707431793213       0.0       0.7232031226158142       0.0
0.15000000596046448       -0.9459785223007202       0.0       -0.8435240983963013       0.0       2.128999710083008       0.0
0.1666666716337204       -0.6017234921455383       0.0       -0.8035383224487305       0.0       1.3666003942489624       0.0
0.18333333730697632       -1.2942614555358887       0.0       -1.3433960676193237       0.0       2.7194883823394775       0.0
0.20000000298023224       -1.4130014181137085       0.0       -0.8248085975646973       0.0       1.7589187622070312       0.0
0.21666666865348816       -1.0344783067703247       0.0       -0.5494006872177124       0.0       1.4069269895553589       0.0
0.23333333432674408       -0.9691633582115173       0.0       -1.2149502038955688       0.0       1.8099651336669922       0.0
0.25       -0.813805878162384       0.0       -0.49406495690345764       0.0       2.460615396499634       0.0
0.2666666805744171       -1.2158786058425903       0.0       -0.452582448720932       0.0       0.9538418054580688       0.0
0.28333333134651184       -1.3143196105957031       0.0       -0.5119292736053467       0.0       2.8487555980682373       0.0
0.30000001192092896       -0.9767228960990906       0.0       -0.09197093546390533       0.0       1.141091227531433       0.0
0.3166666626930237       -1.2964578866958618       0.0       -0.44442635774612427       0.0       2.5749502182006836       0.0
0.3333333432674408       -1.0736083984375       0.0       -0.8225035071372986       0.0       1.1567906141281128       0.0
0.3499999940395355       -1.1366562843322754       0.0       -0.11122974753379822       0.0       1.6040786504745483       0.0
0.36666667461395264       -1.0214306116104126       0.0       -0.4457942843437195       0.0       1.8433148860931396       0.0
0.38333332538604736       -1.1052035093307495       0.0       -0.4605043828487396       0.0       2.2930498123168945       0.0
0.4000000059604645       -0.8961852192878723       0.0       -0.03197266533970833       0.0       1.6177642345428467       0.0
0.4166666567325592       -1.09382164478302       0.0       -0.9178998470306396       0.0       1.0671006441116333       0.0
0.4333333373069763       -1.150018572807312       0.0       0.31066519021987915       0.0       2.1738901138305664       0.0
0.44999998807907104       -1.032811164855957       0.0       -0.9604334831237793       0.0       1.9897066354751587       0.0
0.46666666865348816       -1.043737530708313       0.0       -0.5344244837760925       0.0       1.686650276184082       0.0
0.4833333194255829       -0.5741783976554871       0.0       -0.6176304221153259       0.0       1.5903443098068237       0.0
0.5       -1.3739813566207886       0.0       0.13117529451847076       0.0       2.0807652473449707       0.0
0.5166666507720947       -1.172628402709961       0.0       0.111798956990242       0.0       2.3884212970733643       0.0
0.5333333611488342       -0.9111027121543884       0.0       -0.02546645887196064       0.0       1.758931040763855       0.0
0.550000011920929       -0.9916800856590271       0.0       -0.49496158957481384       0.0       1.3624745607376099       0.0
0.5666666626930237       -0.9183201789855957       0.0       -0.29586803913116455       0.0       0.6360119581222534       0.0
0.5833333134651184       -1.8627879619598389       0.0       -0.5464946031570435       0.0       3.0895919799804688       0.0
0.6000000238418579       -1.2890512943267822       0.0       -0.05290578678250313       0.0       1.789243459701538       0.0
0.6166666746139526       -1.421133279800415       0.0       -0.5987620949745178       0.0       2.6930992603302       0.0
0.6333333253860474       -1.1704087257385254       0.0       -0.29893356561660767       0.0       1.8146642446517944       0.0
0.6499999761581421       -1.0589488744735718       0.0       -1.1198312044143677       0.0       2.2596821784973145       0.0
0.6666666865348816       -0.9381868243217468       0.0       0.003126672701910138       0.0       1.5902204513549805       0.0
0.6833333373069763       -0.9167842864990234       0.0       -0.7467920184135437       0.0       1.2483795881271362       0.0
0.699999988079071       -0.5227175354957581       0.0       -0.8872112035751343       0.0       2.078555107116699       0.0
0.7166666388511658       -0.8341870903968811       0.0       -0.5991170406341553       0.0       1.7956929206848145       0.0
0.7333333492279053       -1.5115175247192383       0.0       -0.6286615133285522       0.0       2.124023914337158       0.0
0.75       -0.9230432510375977       0.0       -0.10561567544937134       0.0       1.8177769184112549       0.0
0.7666666507720947       -1.264635682106018       0.0       -0.6565448641777039       0.0       2.3555655479431152       0.0
0.7833333611488342       -1.0559769868850708       0.0       -0.07308401167392731       0.0       2.008931875228882       0.0
0.800000011920929       -1.1057039499282837       0.0       -0.9765697121620178       0.0       2.079824209213257       0.0
0.8166666626930237       -1.2134852409362793       0.0       -0.6604244112968445       0.0       2.3558852672576904       0.0
0.8333333134651184       -1.2139793634414673       0.0       -0.0009248134447261691       0.0       2.0394885540008545       0.0
0.8500000238418579       -1.1298308372497559       0.0       -0.19738399982452393       0.0       2.2518527507781982       0.0
0.8666666746139526       -0.7644522786140442       0.0       -0.6574156284332275       0.0       0.9583609104156494       0.0
0.8833333253860474       -1.033815622329712       0.0       -0.6373375654220581       0.0       0.9550350308418274       0.0
0.8999999761581421       -1.300718903541565       0.0       -0.08581244200468063       0.0       2.307234764099121       0.0
0.9166666865348816       -1.4796844720840454       0.0       -0.8493850231170654       0.0       2.2102339267730713       0.0
0.9333333373069763       -0.7679002285003662       0.0       -1.5250463485717773       0.0       1.5118029117584229       0.0
0.949999988079071       -0.6201181411743164       0.0       -0.854171872138977       0.0       0.5817469358444214       0.0
0.9666666388511658       -1.1275081634521484       0.0       -0.1752263903617859       0.0       1.7253477573394775       0.0
0.9833333492279053       -1.1317766904830933       0.0       -0.4872797131538391       0.0       2.6902756690979004       0.0
1.0       -0.6287680864334106       0.0       -0.6090303659439087       0.0       1.9486942291259766       0.0
1.0166666507720947       -1.5798673629760742       0.0       -0.8139806389808655       0.0       3.215548515319824       0.0
1.0333333015441895       -1.4790812730789185       0.0       -0.523167073726654       0.0       1.7642844915390015       0.0
1.0499999523162842       -0.7111564874649048       0.0       0.11037265509366989       0.0       1.7297914028167725       0.0
1.0666667222976685       -0.5491665005683899       0.0       -0.07026497274637222       0.0       1.197807788848877       0.0
1.0833333730697632       -1.5247074365615845       0.0       -0.361008882522583       0.0       2.5928707122802734       0.0
1.100000023841858       -1.1942623853683472       0.0       -0.15715070068836212       0.0       2.3751211166381836       0.0
1.1166666746139526       -0.759282648563385       0.0       -0.44229739904403687       0.0       1.1008472442626953       0.0
1.1333333253860474       -1.2590261697769165       0.0       -0.8763738870620728       0.0       3.259329080581665       0.0
1.149999976158142       -1.0162912607192993       0.0       -0.4968591034412384       0.0       1.5813889503479004       0.0
1.1666666269302368       -1.3039547204971313       0.0       -1.0743869543075562       0.0       1.4907176494598389       0.0
1.1833332777023315       -0.6402343511581421       0.0       -0.13900305330753326       0.0       1.615110993385315       0.0
1.2000000476837158       -0.6479993462562561       0.0       -0.05337534472346306       0.0       0.36872658133506775       0.0
1.2166666984558105       -1.6252912282943726       0.0       -0.901580810546875       0.0       3.2021780014038086       0.0
1.2333333492279053       -0.7031686902046204       0.0       0.3108966648578644       0.0       0.3506473898887634       0.0
1.25       -0.25103315711021423       0.0       -0.11390221118927002       0.0       1.2268565893173218       0.0
1.2666666507720947       -0.9080225229263306       0.0       -0.5772769451141357       0.0       1.3447669744491577       0.0
1.2833333015441895       -1.11471688747406       0.0       -0.3184848427772522       0.0       2.1144556999206543       0.0
1.2999999523162842       -1.0406838655471802       0.0       -0.567232608795166       0.0       1.7796183824539185       0.0
1.3166667222976685       -1.1401422023773193       0.0       -0.8108639717102051       0.0       2.254131555557251       0.0
1.3333333730697632       -1.1013399362564087       0.0       -0.15387707948684692       0.0       2.362912654876709       0.0
1.350000023841858       -0.9528777003288269       0.0       0.09513967484235764       0.0       2.0409421920776367       0.0
1.3666666746139526       -1.260048747062683       0.0       -0.3128341734409332       0.0       2.6899609565734863       0.0
1.3833333253860474       -0.841386616230011       0.0       -0.5033646821975708       0.0       1.9506490230560303       0.0
1.399999976158142       -1.576371192932129       0.0       -0.9705492258071899       0.0       3.617703676223755       0.0
1.4166666269302368       -1.4526904821395874       0.0       -0.36900249123573303       0.0       2.6040382385253906       0.0
1.4333332777023315       -1.3240875005722046       0.0       -0.7354367971420288       0.0       2.426414728164673       0.0
1.4500000476837158       -1.4482765197753906       0.0       -0.20251299440860748       0.0       2.330892324447632       0.0
1.4666666984558105       -1.3563834428787231       0.0       -0.4181533753871918       0.0       2.9950802326202393       0.0
1.4833333492279053       -1.2318772077560425       0.0       0.13725532591342926       0.0       2.5347723960876465       0.0
1.5       -1.535359263420105       0.0       -0.4385152757167816       0.0       3.533463954925537       0.0
1.5166666507720947       -0.823847770690918       0.0       -0.9940080046653748       0.0       1.5804270505905151       0.0
1.5333333015441895       -1.1725459098815918       0.0       -0.512883722782135       0.0       1.9004179239273071       0.0
1.5499999523162842       -0.8303568363189697       0.0       0.43874573707580566       0.0       3.1039509773254395       0.0
1.5666667222976685       -1.05808424949646       0.0       -0.2953540086746216       0.0       1.3777788877487183       0.0
1.5833333730697632       -1.162174940109253       0.0       -0.3788621127605438       0.0       2.3866615295410156       0.0
1.600000023841858       -1.1516402959823608       0.0       -0.5649506449699402       0.0       0.6713610291481018       0.0
1.6166666746139526       -1.19826078414917       0.0       -0.3754258155822754       0.0       1.5593597888946533       0.0
1.6333333253860474       -1.3772363662719727       0.0       -0.05509497597813606       0.0       2.87969708442688       0.0
1.649999976158142       -0.9116758108139038       0.0       -0.33726412057876587       0.0       1.9731355905532837       0.0
1.6666666269302368       -0.6838773488998413       0.0       -0.32587146759033203       0.0       1.4566733837127686       0.0
1.6833332777023315       -0.9695237874984741       0.0       -0.329306423664093       0.0       1.6779029369354248       0.0
1.7000000476837158       -1.6073157787322998       0.0       -0.9431015253067017       0.0       3.6113996505737305       0.0
1.7166666984558105       -1.4842162132263184       0.0       -0.5805030465126038       0.0       2.7555384635925293       0.0
1.7333333492279053       -0.6535166501998901       0.0       -0.7668017148971558       0.0       2.361438751220703       0.0
1.75       -0.9426069259643555       0.0       -0.5733858942985535       0.0       2.008326530456543       0.0
1.7666666507720947       -1.0204393863677979       0.0       -0.15055082738399506       0.0       2.143336057662964       0.0
1.7833333015441895       -0.9347144365310669       0.0       -0.6397626399993896       0.0       1.9133880138397217       0.0
1.7999999523162842       -1.3107259273529053       0.0       -0.3003808856010437       0.0       2.0994420051574707       0.0
1.8166667222976685       -0.8414909243583679       0.0       -0.7208166718482971       0.0       1.450049638748169       0.0
1.8333333730697632       -1.3145129680633545       0.0       -0.06341175734996796       0.0       1.9332271814346313       0.0
1.850000023841858       -1.1498481035232544       0.0       -0.39416030049324036       0.0       2.5417542457580566       0.0
1.8666666746139526       -1.2552586793899536       0.0       -0.9151642918586731       0.0       2.9283061027526855       0.0
1.8833333253860474       -1.2397605180740356       0.0       -1.001382827758789       0.0       2.6839797496795654       0.0
1.899999976158142       -0.6991100907325745       0.0       -0.5156692862510681       0.0       0.48250165581703186       0.0
1.9166666269302368       -1.5408635139465332       0.0       -0.8605313897132874       0.0       2.5074350833892822       0.0
1.9333332777023315       -0.7789403200149536       0.0       -0.6966464519500732       0.0       0.9983874559402466       0.0
1.9500000476837158       -1.7091150283813477       0.0       -0.494706928730011       0.0       2.392921209335327       0.0
1.9666666984558105       -0.7272599935531616       0.0       -0.6899542808532715       0.0       1.432040810585022       0.0
1.9833333492279053       -1.196187973022461       0.0       -1.0249966382980347       0.0       1.6661460399627686       0.0
2.0       -1.831926703453064       0.0       -0.830670177936554       0.0       3.9729063510894775       0.0
2.0166666507720947       -1.2632596492767334       0.0       -0.6021519303321838       0.0       1.875875473022461       0.0
2.0333333015441895       -0.7091408967971802       0.0       0.00801698025316       0.0       0.5640982389450073       0.0
2.049999952316284       -1.099545955657959       0.0       -0.1486637443304062       0.0       1.9919382333755493       0.0
2.066666603088379       -1.3170750141143799       0.0       -0.962158203125       0.0       2.5794448852539062       0.0
2.0833332538604736       -1.0660476684570312       0.0       -0.6537945866584778       0.0       2.124612808227539       0.0
2.0999999046325684       -0.9203462600708008       0.0       0.1702563762664795       0.0       1.4696269035339355       0.0
2.116666555404663       -1.2488304376602173       0.0       0.3659250736236572       0.0       2.1517343521118164       0.0
2.133333444595337       -0.6408564448356628       0.0       -0.6547666788101196       0.0       1.4774056673049927       0.0
2.1500000953674316       -1.2541906833648682       0.0       -0.3965787887573242       0.0       3.1313719749450684       0.0
2.1666667461395264       -1.5070841312408447       0.0       -0.44571730494499207       0.0       2.0645010471343994       0.0
2.183333396911621       -0.9167959690093994       0.0       -1.1701077222824097       0.0       1.7574996948242188       0.0
2.200000047683716       -1.3215985298156738       0.0       -0.21900585293769836       0.0       1.8322871923446655       0.0
2.2166666984558105       -0.8150864839553833       0.0       -0.7559530138969421       0.0       1.695275068283081       0.0
2.2333333492279053       -1.3079017400741577       0.0       -0.7162923216819763       0.0       2.9221725463867188       0.0
2.25       -1.2256098985671997       0.0       -0.7251061201095581       0.0       2.041170597076416       0.0
2.2666666507720947       -1.0243958234786987       0.0       -0.7733088731765747       0.0       1.4182093143463135       0.0
2.2833333015441895       -1.2400310039520264       0.0       -0.7095748782157898       0.0       2.4844884872436523       0.0
2.299999952316284       -0.8371337056159973       0.0       -0.268181174993515       0.0       1.8607633113861084       0.0
2.316666603088379       -0.7783821225166321       0.0       -0.32090407609939575       0.0       0.9455721378326416       0.0
2.3333332538604736       -0.7086524367332458       0.0       0.13711722195148468       0.0       2.6721434593200684       0.0
2.3499999046325684       -2.2139456272125244       0.0       -0.3146870732307434       0.0       7.576527118682861       0.0
2.366666555404663       -5.285569190979004       0.0       -0.7401691675186157       0.0       18.391691207885742       0.0
2.383333444595337       -4.561969757080078       0.0       -0.6056128144264221       0.0       17.921566009521484       0.0
2.4000000953674316       -7.508604049682617       0.0       -1.557169795036316       0.0       28.2496395111084       0.0
2.4166667461395264       1.2719452381134033       0.0       0.12241014838218689       0.0       4.569904327392578       0.0
2.433333396911621       -1.135939359664917       0.0       -0.6813149452209473       0.0       16.042593002319336       0.0
2.450000047683716       -8.201643943786621       0.0       -1.1001434326171875       0.0       37.669517517089844       0.0
2.4666666984558105       2.3119053840637207       0.0       0.0357995443046093       0.0       10.541308403015137       0.0
2.4833333492279053       4.768636703491211       0.0       1.1573125123977661       0.0       11.176838874816895       0.0
2.5       -1.958855390548706       0.0       -0.07814710587263107       0.0       35.076480865478516       0.0
2.5166666507720947       -0.9010557532310486       0.0       0.4024708569049835       0.0       54.793636322021484       0.0
2.5333333015441895       6.361435413360596       0.0       4.302361488342285       0.0       27.744762420654297       0.0
2.549999952316284       -4.041719913482666       0.0       2.984041452407837       0.0       56.05107498168945       0.0
2.566666603088379       4.833096504211426       0.0       7.180727005004883       0.0       40.07598876953125       0.0
2.5833332538604736       6.079680919647217       0.0       9.357208251953125       0.0       48.80753707885742       0.0
2.5999999046325684       4.902535438537598       0.0       12.589670181274414       0.0       51.93074035644531       0.0
2.616666555404663       5.847908973693848       0.0       12.39954662322998       0.0       58.195133209228516       0.0
2.633333444595337       2.81937313079834       0.0       13.728951454162598       0.005271477624773979       71.19691467285156       0.0
2.6500000953674316       -1.3148157596588135       0.0       17.75082778930664       0.011083756573498249       92.33948516845703       0.0
2.6666667461395264       9.177541732788086       0.0       20.561124801635742       0.017828362062573433       67.2479019165039       0.0
2.683333396911621       -3.3228840827941895       0.0       38.38331604003906       0.027722815051674843       113.4319076538086       0.0
2.700000047683716       1.1461021900177002       0.0       26.71588706970215       0.03853761777281761       96.08917999267578       0.0
2.7166666984558105       9.77095890045166       0.0       22.095958709716797       0.04923827201128006       81.02625274658203       0.0
2.7333333492279053       4.647271633148193       0.0       22.093347549438477       0.057402439415454865       97.19091033935547       0.0
2.75       4.060633659362793       0.0       19.629629135131836       0.06436582654714584       90.12903594970703       0.0
2.7666666507720947       5.228809833526611       0.0       21.730321884155273       0.07109198719263077       89.80332946777344       0.0
2.7833333015441895       2.5198137760162354       0.0       20.80815315246582       0.07746792584657669       95.82709503173828       0.0
2.799999952316284       7.781336784362793       0.0       18.184371948242188       0.08348577469587326       80.73699951171875       0.0
2.816666603088379       8.375099182128906       0.0       10.21988296508789       0.08775961399078369       75.44206237792969       0.0
2.8333332538604736       10.670181274414062       0.0       7.207467555999756       0.09004977345466614       67.57606506347656       0.0
2.8499999046325684       7.849449157714844       0.0       15.598233222961426       0.09193326532840729       78.03245544433594       0.0
2.866666555404663       7.396326541900635       0.0       16.1011905670166       0.09462127089500427       75.29505157470703       0.0
2.883333444595337       12.474069595336914       0.0       9.523333549499512       0.09761060029268265       57.01476287841797       0.0
2.9000000953674316       5.848043918609619       0.0       21.06894302368164       0.1013522818684578       75.59624481201172       0.0
2.9166667461395264       7.092635631561279       0.0       14.59800910949707       0.10482528805732727       63.00645065307617       0.0
2.933333396911621       7.167984485626221       0.0       9.79236125946045       0.10829292237758636       56.75642395019531       0.0
2.950000047683716       4.8266143798828125       0.0       10.111814498901367       0.11008892953395844       58.35750961303711       0.0
2.9666666984558105       3.1257143020629883       0.0       10.023151397705078       0.11120802909135818       57.396915435791016       0.0
2.9833333492279053       3.0647377967834473       0.0       11.35560131072998       0.112558513879776       52.40218734741211       0.0
3.0       1.1420990228652954       0.0       11.586889266967773       0.11414127051830292       53.247703552246094       0.0
3.0166666507720947       0.6815149188041687       0.0       9.920012474060059       0.11570745706558228       50.03056716918945       0.0
3.0333333015441895       -0.6332202553749084       0.0       14.471010208129883       0.11774154007434845       39.175498962402344       0.0
3.049999952316284       -0.6658669710159302       0.0       8.787330627441406       0.11932637542486191       37.052433013916016       0.0
3.066666603088379       -4.736639499664307       0.0       7.44361686706543       0.12053460627794266       35.16203689575195       0.0
3.0833332538604736       -6.280888080596924       0.0       3.619229555130005       0.11682584881782532       26.017650604248047       0.0
3.0999999046325684       -0.46584805846214294       0.0       4.0776214599609375       0.11323120445013046       14.865981101989746       0.0
3.116666555404663       -7.230684280395508       0.0       5.423582553863525       0.10974717140197754       22.998498916625977       0.0
3.133333444595337       -4.538539409637451       0.0       4.170770168304443       0.10637033730745316       1.7413071393966675       0.0
3.1500000953674316       -2.4210329055786133       0.0       2.245725393295288       0.10309740155935287       4.318052291870117       0.0
3.1666667461395264       -4.591734409332275       0.0       1.811275601387024       0.09992517530918121       -8.261617660522461       0.0
3.183333396911621       -4.579084873199463       0.0       -3.8543779850006104       0.09685055166482925       -13.505497932434082       0.0
3.200000047683716       -6.495490074157715       0.0       -3.557854413986206       0.09387053549289703       -22.593006134033203       0.0
3.2166666984558105       -9.389307975769043       0.0       -10.710927963256836       0.09098221361637115       -43.83153533935547       0.0
3.2333333492279053       -9.88607120513916       0.0       -12.214097023010254       0.08818275481462479       -48.514312744140625       0.0
3.25       -11.756834983825684       0.0       -15.054187774658203       0.08546943962574005       -60.6920051574707       0.0
3.2666666507720947       -12.36478328704834       0.0       -16.07268524169922       0.08283961564302444       -65.66824340820312       0.0
3.2833333015441895       -9.88377857208252       0.0       -18.314010620117188       0.07169295847415924       -81.08492279052734       0.0
3.299999952316284       -15.144439697265625       0.0       -13.089983940124512       0.06119441241025925       -77.30691528320312       0.0
3.316666603088379       -3.2240686416625977       0.0       -27.48712158203125       0.04896794632077217       -105.51923370361328       0.0
3.3333332538604736       -11.378433227539062       0.0       -23.459938049316406       0.0361773818731308       -90.63674926757812       0.0
3.3499999046325684       -13.08600902557373       0.0       -24.828197479248047       0.02168479934334755       -84.1947021484375       0.0
3.366666555404663       -10.282681465148926       0.0       -28.544836044311523       0.0074175638146698475       -119.66130828857422       0.0
3.383333444595337       -14.668142318725586       0.0       -16.347246170043945       -0.005166411399841309       -92.54792785644531       0.0
3.4000000953674316       -6.62805700302124       0.0       -30.8282470703125       -0.01844359189271927       -128.78123474121094       0.0
3.4166667461395264       -31.26923370361328       0.0       -14.522137641906738       -0.02883009798824787       -53.41252136230469       0.0
3.433333396911621       -12.970823287963867       0.0       -35.06196594238281       -0.04222097247838974       -103.31712341308594       0.0
3.450000047683716       -7.546335220336914       0.0       -46.20508575439453       -0.05630648136138916       -132.6525421142578       0.0
3.4666666984558105       -20.88175392150879       0.0       -16.067123413085938       -0.06995858997106552       -62.28144454956055       0.0
3.4833333492279053       -17.613637924194336       0.0       -19.908565521240234       -0.0823562741279602       -56.18555450439453       0.0
3.5       -9.08133602142334       0.0       -32.07256317138672       -0.09185256063938141       -99.23190307617188       0.0
3.5166666507720947       -8.442752838134766       0.0       -32.94368362426758       -0.10401254147291183       -101.38001251220703       0.0
3.5333333015441895       -9.176495552062988       0.0       -27.25848960876465       -0.11619677394628525       -93.00762939453125       0.0
3.549999952316284       -16.638675689697266       0.0       -17.70582389831543       -0.1262998729944229       -57.94055938720703       0.0
3.566666603088379       -2.4703052043914795       0.0       -36.57716369628906       -0.13668949902057648       -118.85094451904297       0.0
3.5833332538604736       -7.297611713409424       0.0       -24.23774528503418       -0.14617900550365448       -95.05076599121094       0.0
3.5999999046325684       -11.493310928344727       0.0       -23.45887565612793       -0.156319260597229       -78.90726470947266       0.0
3.616666555404663       -9.30875301361084       0.0       -27.375707626342773       -0.16448764503002167       -78.31829071044922       0.0
3.633333444595337       -8.155767440795898       0.0       -23.987123489379883       -0.1722925901412964       -76.88633728027344       0.0
3.6500000953674316       -12.124481201171875       0.0       -19.004878997802734       -0.1790202409029007       -70.936279296875       0.0
3.6666667461395264       -7.50742769241333       0.0       -15.3992280960083       -0.183428555727005       -69.62520599365234       0.0
3.683333396911621       -10.127851486206055       0.0       -17.542999267578125       -0.18654493987560272       -55.54503631591797       0.0
3.700000047683716       -10.174505233764648       0.0       -19.43206024169922       -0.18953418731689453       -51.87770462036133       0.0
3.7166666984558105       -13.690396308898926       0.0       -8.530489921569824       -0.191221684217453       -42.09397506713867       0.0
3.7333333492279053       -13.30487060546875       0.0       -10.65169906616211       -0.1916618049144745       -34.57749557495117       0.0
3.75       -9.600057601928711       0.0       -13.948371887207031       -0.19113963842391968       -39.21691131591797       0.0
3.7666666507720947       -11.050107955932617       0.0       -12.245987892150879       -0.19117774069309235       -32.97054672241211       0.0
3.7833333015441895       -12.963284492492676       0.0       1.5554907321929932       -0.18529534339904785       -22.2702579498291       0.0
3.799999952316284       -11.482853889465332       0.0       -6.377817153930664       -0.17959395051002502       -22.077476501464844       0.0
3.816666603088379       -10.606040954589844       0.0       -6.531052112579346       -0.17406798899173737       -17.43760871887207       0.0
3.8333332538604736       -13.096023559570312       0.0       0.897103488445282       -0.1687120497226715       -2.543623208999634       0.0
3.8499999046325684       -16.552352905273438       0.0       2.215207099914551       -0.1635209023952484       2.479397773742676       0.0
3.866666555404663       -11.481977462768555       0.0       -2.277069091796875       -0.15848949551582336       -5.557460308074951       0.0
3.883333444595337       -13.084145545959473       0.0       2.8012542724609375       -0.1536128968000412       3.951308250427246       0.0
3.9000000953674316       -9.350508689880371       0.0       1.0668723583221436       -0.14888633787631989       -0.5849401950836182       0.0
3.9166667461395264       -14.758840560913086       0.0       10.27784538269043       -0.14430522918701172       7.5218586921691895       0.0
3.933333396911621       -6.779173851013184       0.0       -1.0624284744262695       -0.13986505568027496       -2.502497434616089       0.0
3.950000047683716       -13.333260536193848       0.0       3.5316131114959717       -0.1355615258216858       1.3866246938705444       0.0
3.9666666984558105       -12.261327743530273       0.0       7.1469926834106445       -0.13139039278030396       2.147160768508911       0.0
3.9833333492279053       -12.261327743530273       0.0       7.1469926834106445       -0.12734761834144592       2.147160768508911       0.0
4.0       -8.2099609375       0.0       2.614102840423584       -0.12342923134565353       0.23606516420841217       0.0
4.016666889190674       -9.87080192565918       0.0       8.832487106323242       -0.11963140964508057       15.475092887878418       0.0
4.0333333015441895       -8.355249404907227       0.0       5.721323013305664       -0.11595044285058975       12.124829292297363       0.0
4.050000190734863       -8.559893608093262       0.0       12.686287879943848       -0.11238273233175278       24.990110397338867       0.0
4.066666603088379       -1.792312741279602       0.0       10.5570707321167       -0.10892480611801147       13.550371170043945       0.0
4.083333492279053       -4.330503463745117       0.0       17.653310775756836       -0.10038658231496811       22.655288696289062       0.0
4.099999904632568       -10.010369300842285       0.0       21.133962631225586       -0.09113273024559021       32.82170867919922       0.0
4.116666793823242       -2.2974331378936768       0.0       9.487671852111816       -0.08238578587770462       24.88702392578125       0.0
4.133333206176758       -9.400880813598633       0.0       19.64351463317871       -0.07372265309095383       41.55055236816406       0.0
4.150000095367432       -5.721703052520752       0.0       18.164112091064453       -0.06574098765850067       30.34823989868164       0.0
4.166666507720947       -0.030600570142269135       0.0       8.131352424621582       -0.05823197588324547       24.240720748901367       0.0
4.183333396911621       -3.324037551879883       0.0       14.142745018005371       -0.05166379362344742       28.661434173583984       0.0
4.199999809265137       -4.557071685791016       0.0       23.156835556030273       -0.04475851356983185       40.04093933105469       0.0
4.2166666984558105       -6.110365390777588       0.0       23.103971481323242       -0.03637145459651947       58.14100646972656       0.0
4.233333110809326       -0.46404770016670227       0.0       23.43633460998535       -0.027224304154515266       50.47416687011719       0.0
4.25       -6.50518798828125       0.0       21.955387115478516       -0.018531987443566322       76.8690185546875       0.0
4.266666889190674       -1.1594171524047852       0.0       21.89871597290039       -0.010278135538101196       74.23699188232422       0.0
4.2833333015441895       -3.133587121963501       0.0       22.3179931640625       -0.002430478110909462       80.52021026611328       0.0
4.300000190734863       -0.8890506625175476       0.0       25.740022659301758       0.00558725418522954       84.25891876220703       0.0
4.316666603088379       11.6155424118042       0.0       15.809209823608398       0.012650932185351849       64.83616638183594       0.0
4.333333492279053       2.621255397796631       0.0       26.768356323242188       0.019999319687485695       81.42987823486328       0.0
4.349999904632568       -5.098622798919678       0.0       66.67577362060547       0.031757984310388565       119.67925262451172       0.0
4.366666793823242       3.8863656520843506       0.0       38.6947021484375       0.045755114406347275       91.23783874511719       0.0
4.383333206176758       11.297800064086914       0.0       22.868741989135742       0.05890108272433281       84.14175415039062       0.0
4.400000095367432       12.979867935180664       0.0       16.39669418334961       0.06595565378665924       66.21532440185547       0.0
4.416666507720947       9.918572425842285       0.0       22.56935691833496       0.07099702209234238       72.36051177978516       0.0
4.433333396911621       10.050663948059082       0.0       28.83919334411621       0.07660451531410217       90.62928771972656       0.0
4.449999809265137       9.715874671936035       0.0       23.723968505859375       0.0829605683684349       76.3226547241211       0.0
4.4666666984558105       6.457241535186768       0.0       21.53122329711914       0.08908398449420929       79.71881866455078       0.0
4.483333110809326       10.682811737060547       0.0       14.955085754394531       0.09344333410263062       72.5575942993164       0.0
4.5       5.309067726135254       0.0       21.76703453063965       0.09748941659927368       80.0833740234375       0.0
4.516666889190674       6.906271934509277       0.0       23.54717445373535       0.10170619189739227       78.89474487304688       0.0
4.5333333015441895       8.29260540008545       0.0       23.314632415771484       0.10685967653989792       76.24344635009766       0.0
4.550000190734863       10.802285194396973       0.0       19.791889190673828       0.11168643832206726       72.76900482177734       0.0
4.566666603088379       11.908224105834961       0.0       16.216964721679688       0.11553721874952316       71.8362808227539       0.0
4.583333492279053       7.856135845184326       0.0       12.047531127929688       0.11802142858505249       65.48445129394531       0.0
4.599999904632568       7.29162073135376       0.0       18.858125686645508       0.12036573886871338       65.73841094970703       0.0
4.616666793823242       7.666648864746094       0.0       17.22348976135254       0.12282334268093109       61.61637496948242       0.0
4.633333206176758       6.979985237121582       0.0       15.714286804199219       0.12580259144306183       59.45097351074219       0.0
4.650000095367432       9.534056663513184       0.0       4.3002424240112305       0.12193173915147781       48.701480865478516       0.0
4.666666507720947       8.205779075622559       0.0       12.280473709106445       0.11817999184131622       49.695396423339844       0.0
4.683333396911621       6.182199954986572       0.0       12.051106452941895       0.11454368382692337       53.34117126464844       0.0
4.699999809265137       7.331845283508301       0.0       16.300548553466797       0.11101926118135452       47.4984016418457       0.0
4.7166666984558105       8.951618194580078       0.0       13.381213188171387       0.1076032891869545       40.60805130004883       0.0
4.733333110809326       8.478797912597656       0.0       5.298148155212402       0.10918418318033218       39.41856384277344       0.0
4.75       7.26298189163208       0.0       7.826509952545166       0.1095607653260231       42.19981002807617       0.0
4.766666889190674       5.860805988311768       0.0       7.940856456756592       0.10918181389570236       43.56617736816406       0.0
4.7833333015441895       4.068192481994629       0.0       9.435916900634766       0.10944230854511261       41.680686950683594       0.0
4.800000190734863       0.9232216477394104       0.0       10.390459060668945       0.11009245365858078       41.1878776550293       0.0
4.816666603088379       -3.470237970352173       0.0       9.357916831970215       0.11097481101751328       47.230194091796875       0.0
4.833333492279053       -3.705638885498047       0.0       7.957676887512207       0.11165612936019897       49.82493591308594       0.0
4.849999904632568       -2.8619778156280518       0.0       8.433013916015625       0.1120535358786583       50.330745697021484       0.0
4.866666793823242       -6.189836025238037       0.0       10.32242488861084       0.11263680458068848       44.30530548095703       0.0
4.883333206176758       -6.753148078918457       0.0       12.677632331848145       0.1139783039689064       53.05105209350586       0.0
4.900000095367432       -7.099186420440674       0.0       9.763168334960938       0.11551425606012344       44.55960464477539       0.0
4.916666507720947       -6.694646835327148       0.0       9.390917778015137       0.11690626293420792       41.2765998840332       0.0
4.933333396911621       -6.694960594177246       0.0       8.163893699645996       0.11759484559297562       42.86177444458008       0.0
4.949999809265137       -5.941605091094971       0.0       8.952168464660645       0.11816051602363586       43.19748306274414       0.0
4.9666666984558105       -7.15739107131958       0.0       14.165140151977539       0.11950909346342087       47.22214889526367       0.0
4.983333110809326       -6.343836307525635       0.0       8.1408052444458       0.12084262818098068       43.74927520751953       0.0
5.0       -5.899344444274902       0.0       6.668759822845459       0.12181095033884048       42.20304489135742       0.0
5.016666889190674       -5.607316970825195       0.0       4.938248634338379       0.11806292086839676       41.57888412475586       0.0
5.0333333015441895       -5.809881210327148       0.0       7.859004020690918       0.11443021893501282       39.60771179199219       0.0
5.050000190734863       -3.2621023654937744       0.0       6.8946051597595215       0.11090928316116333       23.86711883544922       0.0
5.066666603088379       -1.6157878637313843       0.0       0.49587947130203247       0.10749669373035431       12.97642993927002       0.0
5.083333492279053       -2.17596173286438       0.0       0.8838308453559875       0.10418910533189774       15.096242904663086       0.0
5.099999904632568       1.3539232015609741       0.0       0.642339825630188       0.10098328441381454       -1.0063648223876953       0.0
5.116666793823242       0.198500394821167       0.0       0.04548761993646622       0.09787610918283463       0.005138583946973085       0.0
5.133333206176758       -1.6948920488357544       0.0       0.37434452772140503       0.09486453235149384       -7.3122382164001465       0.0
5.150000095367432       -6.882077693939209       0.0       -9.439207077026367       0.09194562584161758       -27.132545471191406       0.0
5.166666507720947       -9.832408905029297       0.0       -4.444102764129639       0.08911652863025665       -43.800384521484375       0.0
5.183333396911621       -11.301003456115723       0.0       -7.845849990844727       0.08637448400259018       -44.43378448486328       0.0
5.199999809265137       -12.883180618286133       0.0       -6.630904197692871       0.08371680229902267       -53.21239471435547       0.0
5.2166666984558105       -9.637923240661621       0.0       -8.439493179321289       0.0811409056186676       -66.33552551269531       0.0
5.233333110809326       -11.729025840759277       0.0       -11.931905746459961       0.07864426076412201       -64.06063842773438       0.0
5.25       -15.469554901123047       0.0       -10.87158489227295       0.07069969177246094       -66.52161407470703       0.0
5.266666889190674       -13.061531066894531       0.0       -13.733508110046387       0.06204023212194443       -73.34524536132812       0.0
5.2833333015441895       -14.293761253356934       0.0       -11.114718437194824       0.053778283298015594       -80.43541717529297       0.0
5.300000190734863       -14.100424766540527       0.0       -11.33220100402832       0.04566878825426102       -82.69608306884766       0.0
5.316666603088379       -12.350876808166504       0.0       -17.57018280029297       0.0371120348572731       -81.72456359863281       0.0
5.333333492279053       -8.06130313873291       0.0       -23.21366310119629       0.02664218656718731       -135.3402557373047       0.0
5.349999904632568       -20.237651824951172       0.0       -16.592281341552734       0.015529070049524307       -94.54012298583984       0.0
5.366666793823242       -10.86452865600586       0.0       -24.430055618286133       0.0035156277008354664       -133.5801239013672       0.0
5.383333206176758       -17.178424835205078       0.0       -16.786216735839844       -0.006987995468080044       -111.09715270996094       0.0
5.400000095367432       -17.933191299438477       0.0       -19.13680076599121       -0.01763589307665825       -103.97679138183594       0.0
5.416666507720947       -34.16033172607422       0.0       0.8436866402626038       -0.017093250527977943       -63.875099182128906       0.0
5.433333396911621       -25.35611343383789       0.0       -19.237215042114258       -0.016567304730415344       -93.86836242675781       0.0
5.449999809265137       -18.20758819580078       0.0       -33.602561950683594       -0.016057541593909264       -105.99249267578125       0.0
5.4666666984558105       -26.189416885375977       0.0       -17.597219467163086       -0.015563462860882282       -70.16105651855469       0.0
5.483333110809326       -28.320314407348633       0.0       -14.881038665771484       -0.015084587037563324       -60.54463577270508       0.0
5.5       -24.15582847595215       0.0       -18.677553176879883       -0.02381681650876999       -76.86891174316406       0.0
5.516666889190674       -27.01526641845703       0.0       -19.19622802734375       -0.032563623040914536       -66.18256378173828       0.0
5.5333333015441895       -24.695009231567383       0.0       -18.523706436157227       -0.04169182479381561       -74.8647232055664       0.0
5.550000190734863       -21.80240821838379       0.0       -21.74606704711914       -0.05108335241675377       -82.77957153320312       0.0
5.566666603088379       -21.748559951782227       0.0       -25.045562744140625       -0.06122772395610809       -79.53873443603516       0.0
5.583333492279053       -24.650510787963867       0.0       -25.308696746826172       -0.07224509119987488       -68.11923217773438       0.0
5.599999904632568       -23.084684371948242       0.0       -17.37946891784668       -0.08211662620306015       -73.5369873046875       0.0
5.616666793823242       -14.646766662597656       0.0       -25.21452522277832       -0.09168452769517899       -108.81352233886719       0.0
5.633333206176758       -16.64363670349121       0.0       -23.78717613220215       -0.10063919425010681       -100.35358428955078       0.0
5.650000095367432       -17.049043655395508       0.0       -28.42319679260254       -0.11120900511741638       -97.10615539550781       0.0
5.666666507720947       -21.85101318359375       0.0       -20.514421463012695       -0.12058615684509277       -72.00843048095703       0.0
5.683333396911621       -20.827594757080078       0.0       -14.052765846252441       -0.12791050970554352       -72.04358673095703       0.0
5.699999809265137       -20.112533569335938       0.0       -14.443656921386719       -0.13249629735946655       -71.29651641845703       0.0
5.7166666984558105       -18.078948974609375       0.0       -16.764707565307617       -0.1362375020980835       -74.79045104980469       0.0
5.733333110809326       -20.704288482666016       0.0       -14.385139465332031       -0.13986355066299438       -63.69856643676758       0.0
5.75       -18.32282257080078       0.0       -15.148756980895996       -0.143457293510437       -68.3269271850586       0.0
5.766666889190674       -20.138328552246094       0.0       -15.732962608337402       -0.1467008888721466       -59.36360549926758       0.0
5.7833333015441895       -17.694438934326172       0.0       -17.7390079498291       -0.15036234259605408       -65.045166015625       0.0
5.800000190734863       -16.349641799926758       0.0       -18.908161163330078       -0.15448854863643646       -66.74923706054688       0.0
5.816666603088379       -15.039108276367188       0.0       -15.972002029418945       -0.15846984088420868       -67.60128784179688       0.0
5.833333492279053       -15.936698913574219       0.0       -14.138301849365234       -0.16167528927326202       -61.79914474487305       0.0
5.849999904632568       -15.55424976348877       0.0       -15.742654800415039       -0.1642056554555893       -56.579017639160156       0.0
5.866666793823242       -14.035757064819336       0.0       -12.908470153808594       -0.16610221564769745       -57.86030960083008       0.0
5.883333206176758       -16.105384826660156       0.0       -10.137441635131836       -0.167239710688591       -49.585025787353516       0.0
5.900000095367432       -15.201730728149414       0.0       -2.120168924331665       -0.1620938628911972       -47.778751373291016       0.0
5.916666507720947       -16.98124122619629       0.0       -7.98843240737915       -0.15710636973381042       -42.26797103881836       0.0
5.933333396911621       -14.550148010253906       0.0       -8.643843650817871       -0.1522723287343979       -44.366455078125       0.0
5.949999809265137       -14.020090103149414       0.0       -4.517815589904785       -0.14758701622486115       -42.45145034790039       0.0
5.9666666984558105       -18.895727157592773       0.0       0.9420727491378784       -0.14304588735103607       -23.2545223236084       0.0
5.983333110809326       -16.140474319458008       0.0       -8.226641654968262       -0.13864447176456451       -29.087631225585938       0.0
6.0       -14.584861755371094       0.0       -7.796412467956543       -0.13437849283218384       -30.75547218322754       0.0
6.016666889190674       -16.017383575439453       0.0       -2.8961737155914307       -0.13024376332759857       -23.361980438232422       0.0
6.0333333015441895       -17.008995056152344       0.0       -0.825495183467865       -0.12623625993728638       -20.257596969604492       0.0
6.050000190734863       -16.52031135559082       0.0       5.71802282333374       -0.12235207110643387       -17.585330963134766       0.0
6.066666603088379       -12.602607727050781       0.0       -0.29731306433677673       -0.11858738958835602       -25.28401756286621       0.0
6.083333492279053       -18.479347229003906       0.0       -0.15003937482833862       -0.11493854969739914       -24.78165626525879       0.0
6.099999904632568       -16.093704223632812       0.0       4.4047064781188965       -0.11140197515487671       -24.614580154418945       0.0
6.116666793823242       -14.746088027954102       0.0       -5.5565338134765625       -0.10797422379255295       -27.77271270751953       0.0
6.133333206176758       -14.308269500732422       0.0       -1.7459415197372437       -0.10465194284915924       -29.553253173828125       0.0
6.150000095367432       -16.22406578063965       0.0       1.080514907836914       -0.10143188387155533       -23.381948471069336       0.0
6.166666507720947       -14.50753116607666       0.0       -1.3918581008911133       -0.09831090271472931       -23.67361831665039       0.0
6.183333396911621       -10.911670684814453       0.0       -3.37534236907959       -0.09528595209121704       -34.565086364746094       0.0
6.199999809265137       -16.305999755859375       0.0       4.662018775939941       -0.09235407412052155       -16.0325870513916       0.0
6.2166666984558105       -12.070714950561523       0.0       -4.357982158660889       -0.0895124077796936       -28.167301177978516       0.0
6.233333110809326       -14.69747543334961       0.0       0.9239941835403442       -0.08675818145275116       -28.967674255371094       0.0
6.25       -16.654476165771484       0.0       -0.04074278101325035       -0.08408869802951813       -23.665037155151367       0.0
6.266666889190674       -14.43758487701416       0.0       -1.6589561700820923       -0.08150135725736618       -28.231225967407227       0.0
6.2833333015441895       -13.090802192687988       0.0       5.036635398864746       -0.07899361848831177       -30.178546905517578       0.0
6.300000190734863       -14.324713706970215       0.0       4.4879913330078125       -0.0765630453824997       -28.093639373779297       0.0
6.316666603088379       -14.493196487426758       0.0       -0.7108354568481445       -0.07420726120471954       -28.427387237548828       0.0
6.333333492279053       -11.445195198059082       0.0       -3.147531270980835       -0.07192396372556686       -35.98184585571289       0.0
6.349999904632568       -14.42552375793457       0.0       2.8368122577667236       -0.06971091777086258       -25.221851348876953       0.0
6.366666793823242       -11.001312255859375       0.0       -2.028958559036255       -0.06756596267223358       -30.4810848236084       0.0
6.383333206176758       -8.722640991210938       0.0       -4.6475348472595215       -0.06548701226711273       -33.31913757324219       0.0
6.400000095367432       -10.065278053283691       0.0       -1.321631669998169       -0.06347202509641647       -27.013458251953125       0.0
6.416666507720947       -12.899864196777344       0.0       6.736789226531982       -0.061519041657447815       -12.122732162475586       0.0
6.433333396911621       -9.42129898071289       0.0       5.054013729095459       -0.05962614715099335       -13.898016929626465       0.0
6.449999809265137       -12.297183990478516       0.0       5.814241886138916       -0.05779149755835533       -7.00323486328125       0.0
6.4666666984558105       -13.263604164123535       0.0       7.279914379119873       -0.05601329728960991       -4.245491027832031       0.0
6.483333110809326       -11.247447967529297       0.0       14.033061981201172       -0.051117390394210815       1.1183576583862305       0.0
6.5       -12.054165840148926       0.0       15.485588073730469       -0.045263927429914474       8.381170272827148       0.0
6.516666889190674       -9.486956596374512       0.0       9.384334564208984       -0.03936943784356117       10.333999633789062       0.0
6.5333333015441895       -12.55678939819336       0.0       11.673638343811035       -0.03395140916109085       14.743431091308594       0.0
6.550000190734863       -8.531970977783203       0.0       13.955467224121094       -0.028896452859044075       13.723037719726562       0.0
6.566666603088379       -10.682873725891113       0.0       11.171814918518066       -0.02381019853055477       17.53057098388672       0.0
6.583333492279053       -7.873429298400879       0.0       12.725520133972168       -0.018776455894112587       20.165529251098633       0.0
6.599999904632568       -8.476449966430664       0.0       13.063807487487793       -0.01401134580373764       22.42061996459961       0.0
6.616666793823242       -6.7667717933654785       0.0       15.103407859802246       -0.00895965937525034       20.001262664794922       0.0
6.633333206176758       -8.04835033416748       0.0       17.251564025878906       -0.0035672897938638926       30.867921829223633       0.0
6.650000095367432       -3.9895529747009277       0.0       22.850730895996094       0.002753222594037652       41.95259094238281       0.0
6.666666507720947       -9.488687515258789       0.0       30.32252311706543       0.010580086149275303       61.20153045654297       0.0
6.683333396911621       7.570512294769287       0.0       22.88924789428711       0.018792644143104553       36.011192321777344       0.0
6.699999809265137       -5.835238456726074       0.0       25.095252990722656       0.027003221213817596       67.6648941040039       0.0
6.7166666984558105       -6.376183986663818       0.0       35.96749496459961       0.03560113161802292       81.10877227783203       0.0
6.733333110809326       0.35404160618782043       0.0       24.079383850097656       0.04411129280924797       73.29796600341797       0.0
6.75       3.782322406768799       0.0       13.507536888122559       0.051081545650959015       68.02960205078125       0.0
6.766666889190674       7.719603538513184       0.0       11.988231658935547       0.05513763800263405       59.734012603759766       0.0
6.7833333015441895       -2.272913694381714       0.0       23.688228607177734       0.059048447757959366       82.7525405883789       0.0
6.800000190734863       8.88780689239502       0.0       12.981621742248535       0.06280133128166199       67.85562133789062       0.0
6.816666603088379       3.836052179336548       0.0       14.73740005493164       0.0667828842997551       70.16246032714844       0.0
6.833333492279053       7.632243633270264       0.0       14.35385799407959       0.06959449499845505       73.93553161621094       0.0
6.849999904632568       7.5730156898498535       0.0       21.797483444213867       0.07337227463722229       70.165771484375       0.0
6.866666793823242       7.216901779174805       0.0       19.37668800354004       0.07761235535144806       68.31981658935547       0.0
6.883333206176758       9.90045166015625       0.0       23.27431297302246       0.08281134068965912       74.08952331542969       0.0
6.900000095367432       7.536740303039551       0.0       18.090654373168945       0.0874619260430336       75.84750366210938       0.0
6.916666507720947       7.385987758636475       0.0       15.463655471801758       0.09155087172985077       72.25098419189453       0.0
6.933333396911621       6.156918048858643       0.0       17.02251625061035       0.09481103718280792       67.2651138305664       0.0
6.949999809265137       4.709569454193115       0.0       26.91667938232422       0.09908206760883331       76.48085021972656       0.0
6.9666666984558105       7.923576831817627       0.0       17.00525665283203       0.10346966236829758       72.51990509033203       0.0
6.983333110809326       9.947534561157227       0.0       11.856712341308594       0.10714635998010635       71.78096771240234       0.0
7.0       8.817595481872559       0.0       14.942581176757812       0.10928327590227127       61.09177017211914       0.0
7.016666889190674       6.29498291015625       0.0       19.94076156616211       0.11179433763027191       71.0963134765625       0.0
7.0333333015441895       8.336712837219238       0.0       18.522647857666016       0.11512843519449234       68.67707824707031       0.0
7.050000190734863       9.768156051635742       0.0       14.824437141418457       0.11840569227933884       63.64850997924805       0.0
7.066666603088379       8.916863441467285       0.0       21.62566375732422       0.12186036258935928       65.60574340820312       0.0
7.083333492279053       8.648233413696289       0.0       20.33560562133789       0.12551160156726837       65.2679214477539       0.0
7.099999904632568       7.793628692626953       0.0       16.931921005249023       0.12939800322055817       66.61347198486328       0.0
7.116666793823242       6.482859134674072       0.0       12.88947868347168       0.13207665085792542       65.48397064208984       0.0
7.133333206176758       5.772798538208008       0.0       17.26431655883789       0.1343248337507248       65.62979888916016       0.0
7.150000095367432       5.040921688079834       0.0       17.871896743774414       0.13669350743293762       67.93103790283203       0.0
7.166666507720947       7.398861408233643       0.0       14.517753601074219       0.13927429914474487       60.52656173706055       0.0
7.183333396911621       8.66926097869873       0.0       21.73147201538086       0.14245888590812683       57.512939453125       0.0
7.199999809265137       7.003854274749756       0.0       18.094507217407227       0.14565163850784302       60.5323600769043       0.0
7.2166666984558105       9.40739917755127       0.0       12.826257705688477       0.14858072996139526       52.44234848022461       0.0
7.233333110809326       8.149433135986328       0.0       17.455795288085938       0.15088506042957306       53.65960693359375       0.0
7.25       6.679708480834961       0.0       12.43482494354248       0.15237438678741455       57.16899490356445       0.0
7.266666889190674       6.533155918121338       0.0       12.998392105102539       0.15390335023403168       53.47350311279297       0.0
7.2833333015441895       4.412416934967041       0.0       14.15107536315918       0.1549641191959381       51.29243087768555       0.0
7.300000190734863       6.609226703643799       0.0       9.789325714111328       0.15570983290672302       42.98101043701172       0.0
7.316666603088379       4.4975056648254395       0.0       9.249078750610352       0.15594355762004852       40.61600112915039       0.0
7.333333492279053       2.9988110065460205       0.0       11.271374702453613       0.15577691793441772       43.01123046875       0.0
7.349999904632568       0.771040678024292       0.0       12.609725952148438       0.15609203279018402       44.886322021484375       0.0
7.366666793823242       2.8259835243225098       0.0       8.203856468200684       0.15628032386302948       34.65256118774414       0.0
7.383333206176758       2.7398183345794678       0.0       10.831014633178711       0.15643718838691711       34.378665924072266       0.0
7.400000095367432       1.122782826423645       0.0       7.634872913360596       0.15584434568881989       31.56224822998047       0.0
7.416666507720947       -1.5238837003707886       0.0       8.965041160583496       0.15544338524341583       33.22758865356445       0.0
7.433333396911621       1.4491143226623535       0.0       6.976080417633057       0.15446709096431732       21.83262825012207       0.0
7.449999809265137       -0.3260389566421509       0.0       11.126178741455078       0.1541183888912201       24.150217056274414       0.0
7.4666666984558105       1.5104118585586548       0.0       5.013455867767334       0.15316572785377502       12.837096214294434       0.0
7.483333110809326       -4.180053234100342       0.0       5.073832988739014       0.1519562005996704       18.720691680908203       0.0
7.5       -2.649235963821411       0.0       6.7775444984436035       0.1500847190618515       4.08570671081543       0.0
7.516666889190674       -4.726297855377197       0.0       4.828824996948242       0.14546672999858856       1.5579789876937866       0.0
7.5333333015441895       -3.4575510025024414       0.0       2.430652141571045       0.14099082350730896       -13.247394561767578       0.0
7.550000190734863       -8.199187278747559       0.0       -1.9377487897872925       0.1366526484489441       -10.391369819641113       0.0
7.566666603088379       -5.867682933807373       0.0       -2.039031744003296       0.13244794309139252       -29.78936004638672       0.0
7.583333492279053       -9.286561965942383       0.0       -3.146404981613159       0.12837262451648712       -39.369171142578125       0.0
7.599999904632568       -8.390957832336426       0.0       -1.148463249206543       0.12442269921302795       -50.16976547241211       0.0
7.616666793823242       -12.566147804260254       0.0       -5.600844383239746       0.12059430778026581       -53.40177917480469       0.0
7.633333206176758       -14.296862602233887       0.0       -1.9867628812789917       0.11688371747732162       -61.044246673583984       0.0
7.650000095367432       -17.030445098876953       0.0       -7.6029205322265625       0.1132872924208641       -70.40839385986328       0.0
7.666666507720947       -14.759587287902832       0.0       -12.583066940307617       0.1098015308380127       -84.37774658203125       0.0
7.683333396911621       -15.385357856750488       0.0       -9.45893383026123       0.106423020362854       -85.10021209716797       0.0
7.699999809265137       -18.48345947265625       0.0       -16.456274032592773       0.10314846783876419       -86.2277603149414       0.0
7.7166666984558105       -17.832019805908203       0.0       -10.798126220703125       0.0933813750743866       -110.11048126220703       0.0
7.733333110809326       -21.95950698852539       0.0       -18.286161422729492       0.08229910582304001       -105.50780487060547       0.0
7.75       -16.933568954467773       0.0       -21.153305053710938       0.07068122178316116       -119.89610290527344       0.0
7.766666889190674       -15.175512313842773       0.0       -24.031063079833984       0.0570046491920948       -130.32101440429688       0.0
7.7833333015441895       -19.772672653198242       0.0       -20.031017303466797       0.043404292315244675       -126.73828887939453       -0.015384615398943424
7.800000190734863       -18.34087371826172       0.0       -23.724613189697266       0.02973977103829384       -130.59861755371094       -0.030295858159661293
7.816666603088379       -12.560370445251465       0.0       -10.542052268981934       0.018933458253741264       -175.52911376953125       -0.04474829137325287
7.833333492279053       -25.596233367919922       0.0       -40.042938232421875       0.004803778138011694       -105.53731536865234       -0.058756038546562195
7.849999904632568       -15.958773612976074       0.0       -30.48683738708496       -0.010128222405910492       -146.41127014160156       -0.07233277708292007
7.866666793823242       -19.04603385925293       0.0       15.975581169128418       -0.00981658510863781       -148.54161071777344       -0.08549176901578903
7.883333206176758       -13.045613288879395       0.0       -10.360505104064941       -0.009514536708593369       -176.34983825683594       -0.09824586659669876
7.900000095367432       -8.742429733276367       0.0       -29.910903930664062       -0.00922178104519844       -173.05096435546875       -0.11060753464698792
7.916666507720947       -25.92133140563965       0.0       -18.25435447692871       -0.008938034065067768       -88.44832611083984       -0.10720422118902206
7.933333396911621       -28.7839412689209       0.0       -12.7538480758667       -0.008663018234074116       -82.4120864868164       -0.10390563309192657
7.949999809265137       -31.131813049316406       0.0       -6.589311599731445       -0.015260105952620506       -71.46573638916016       -0.10070853680372238
7.9666666984558105       -26.41705322265625       0.0       -28.642677307128906       -0.023549877107143402       -86.34224700927734       -0.09760981053113937
7.983333110809326       -25.673797607421875       0.0       -28.104209899902344       -0.03438492864370346       -87.64775085449219       -0.0946064293384552
8.0       -24.318098068237305       0.0       -29.949031829833984       -0.04871154576539993       -84.87720489501953       -0.09169546514749527
8.016666412353516       -24.272008895874023       0.0       -29.09236717224121       -0.06259734183549881       -81.60806274414062       -0.08887406438589096
8.033333778381348       -19.859477996826172       0.0       -24.686925888061523       -0.07593479752540588       -97.45695495605469       -0.08613947778940201
8.050000190734863       -20.495943069458008       0.0       -30.27188491821289       -0.0889054536819458       -88.28833770751953       -0.08348903059959412
8.066666603088379       -18.342761993408203       0.0       -33.22343444824219       -0.1015545204281807       -88.75787353515625       -0.08092013746500015
8.083333015441895       -21.398107528686523       0.0       -18.463932037353516       -0.1133144423365593       -70.17527770996094       -0.07843028753995895
8.100000381469727       -13.800252914428711       0.0       -37.23705291748047       -0.12521246075630188       -96.15242767333984       -0.07601705193519592
8.116666793823242       -15.976754188537598       0.0       -25.222339630126953       -0.13598904013633728       -80.69208526611328       -0.07367806136608124
8.133333206176758       -15.44950008392334       0.0       -23.2694091796875       -0.14718936383724213       -73.29859161376953       -0.07141104340553284
8.149999618530273       -14.092839241027832       0.0       -22.519521713256836       -0.15539449453353882       -67.95488739013672       -0.06921378523111343
8.166666984558105       -13.105644226074219       0.0       -21.62018394470215       -0.1626376360654831       -62.37470245361328       -0.06708412617444992
8.183333396911621       -19.71138572692871       0.0       -12.403949737548828       -0.16765736043453217       -51.21887969970703       -0.06502000242471695
8.199999809265137       -12.075393676757812       0.0       -15.18311882019043       -0.1711595058441162       -53.86746597290039       -0.06301938742399216
8.216666221618652       -12.25151252746582       0.0       -9.961915016174316       -0.1724487990140915       -43.407501220703125       -0.06108032912015915
8.233333587646484       -17.146833419799805       0.0       -9.53226089477539       -0.17314302921295166       -41.16048812866211       -0.05920093506574631
8.25       -12.027681350708008       0.0       -11.943501472473145       -0.17320196330547333       -41.81142044067383       -0.05737936496734619
8.266666412353516       -11.412903785705566       0.0       -6.6077985763549805       -0.17265066504478455       -35.07063674926758       -0.05561384931206703
8.283333778381348       -15.638093948364258       0.0       -2.8045742511749268       -0.1673383265733719       -22.434005737304688       -0.053902652114629745
8.300000190734863       -12.394843101501465       0.0       -3.0609304904937744       -0.16218945384025574       -19.884990692138672       -0.05224410817027092
8.316666603088379       -10.728382110595703       0.0       -3.0126166343688965       -0.15719901025295258       -18.487709045410156       -0.050636596977710724
8.333333015441895       -11.236892700195312       0.0       -4.038135528564453       -0.15236212313175201       -17.83090591430664       -0.049078550189733505
8.350000381469727       -9.159268379211426       0.0       -1.0089764595031738       -0.1476740539073944       -15.146578788757324       -0.047568440437316895
8.366666793823242       -7.963491916656494       0.0       -6.151277542114258       -0.14313024282455444       -13.687884330749512       -0.046104796230793
8.383333206176758       -12.857466697692871       0.0       -2.9912726879119873       -0.13872623443603516       -6.2341694831848145       -0.04468618705868721
8.399999618530273       -10.100950241088867       0.0       3.4235129356384277       -0.13445773720741272       2.730867862701416       -0.0433112271130085
8.416666984558105       -10.650402069091797       0.0       0.8698863387107849       -0.13032056391239166       -4.483731746673584       -0.04197857528924942
8.433333396911621       -14.003212928771973       0.0       7.761288642883301       -0.12631070613861084       14.73641586303711       -0.04068692401051521
8.449999809265137       -12.156051635742188       0.0       2.9785468578338623       -0.12242422252893448       5.182520389556885       -0.039435021579265594
8.466666221618652       -8.12405014038086       0.0       3.465569257736206       -0.11865732818841934       1.4779775142669678       -0.038221634924411774
8.483333587646484       -10.283245086669922       0.0       4.25710391998291       -0.11500632762908936       5.447362422943115       -0.03704558312892914
8.5       -8.938688278198242       0.0       0.49909231066703796       -0.11146767437458038       7.096162796020508       -0.03590571880340576
8.516666412353516       -7.79159688949585       0.0       -1.7072376012802124       -0.10803789645433426       -1.5549802780151367       -0.034800928086042404
8.533333778381348       -6.594041347503662       0.0       3.5952718257904053       -0.10471365600824356       6.26150369644165       -0.03373013064265251
8.550000190734863       -7.2355241775512695       0.0       7.646567344665527       -0.10149169713258743       16.13360023498535       -0.032692279666662216
8.566666603088379       -8.052315711975098       0.0       11.73321533203125       -0.09836887568235397       24.63165283203125       -0.031686365604400635
8.583333015441895       -7.187126636505127       0.0       9.358903884887695       -0.09534214437007904       27.454402923583984       -0.030711399391293526
8.600000381469727       -2.6885886192321777       0.0       3.261782646179199       -0.09240853786468506       29.795318603515625       -0.02976643294095993
8.616666793823242       -6.531774044036865       0.0       8.257475852966309       -0.08956519514322281       42.40031433105469       -0.02885054238140583
8.633333206176758       -2.5153145790100098       0.0       3.885812759399414       -0.08680934458971024       44.65966033935547       -0.027962833642959595
8.649999618530273       -0.3054998815059662       0.0       4.032174110412598       -0.08413828909397125       45.43326187133789       -0.027102438732981682
8.666666984558105       -0.7312501668930054       0.0       5.7010064125061035       -0.08154942095279694       52.17552185058594       -0.02626851759850979
8.683333396911621       0.4155854284763336       0.0       3.7724647521972656       -0.07904020696878433       48.57681655883789       -0.0254602562636137
8.699999809265137       -3.3366971015930176       0.0       12.976783752441406       -0.07660819590091705       50.797569274902344       -0.024676863104104996
8.716666221618652       2.7056169509887695       0.0       15.745182037353516       -0.07425102591514587       53.6808967590332       -0.02391757443547249
8.733333587646484       -0.4619751572608948       0.0       4.878941535949707       -0.07196637988090515       51.932212829589844       -0.023181650787591934
8.75       -1.4498647451400757       0.0       9.922152519226074       -0.0697520300745964       57.031166076660156       -0.022468367591500282
8.766666412353516       2.6312036514282227       0.0       6.868080139160156       -0.06760580837726593       48.406246185302734       -0.021777033805847168
8.783333778381348       1.7846559286117554       0.0       -0.09171876311302185       -0.06552562862634659       55.161678314208984       -0.02110697142779827
8.800000190734863       2.2734227180480957       0.0       4.230759143829346       -0.06350945681333542       55.711063385009766       -0.020457526668906212
8.816666603088379       -0.7786358594894409       0.0       9.953788757324219       -0.061555322259664536       68.5819091796875       -0.019828064367175102
8.833333015441895       5.057535171508789       0.0       8.960038185119629       -0.05966131016612053       66.63302612304688       -0.019217969849705696
8.850000381469727       4.839666366577148       0.0       6.453337669372559       -0.05782558023929596       66.80897521972656       -0.01862664707005024
8.866666793823242       4.240397930145264       0.0       5.939448833465576       -0.05604632943868637       75.78010559082031       -0.01805352047085762
8.883333206176758       4.655320644378662       0.0       11.162457466125488       -0.05148490145802498       80.47266387939453       -0.01749802753329277
8.899999618530273       3.856365919113159       0.0       11.922691345214844       -0.04642338305711746       92.0233383178711       -0.016959626227617264
8.916666984558105       3.856365919113159       0.0       11.922691345214844       -0.040842205286026       92.0233383178711       -0.016437791287899017
8.933333396911621       3.750217914581299       0.0       15.202725410461426       -0.034988321363925934       97.44750213623047       -0.01593201234936714
8.949999809265137       5.546729564666748       0.0       12.738252639770508       -0.029250072315335274       101.45108795166016       -0.01544179767370224
8.966666221618652       0.9676117300987244       0.0       13.238054275512695       -0.023554017767310143       112.30148315429688       -0.014966664835810661
8.983333587646484       2.3954882621765137       0.0       15.42075252532959       -0.018025124445557594       112.9103012084961       -0.014506151899695396
9.0       4.271279811859131       0.0       10.906792640686035       -0.012893357314169407       99.75432586669922       -0.014059809036552906
9.016666412353516       12.217364311218262       0.0       12.028890609741211       -0.008071147836744785       84.83824920654297       -0.013627199456095695
9.033333778381348       8.01379680633545       0.0       14.88925838470459       -0.0034703968558460474       95.43474578857422       -0.013207901269197464
9.050000190734863       2.113962411880493       0.0       10.128507614135742       0.0008942778222262859       108.98770904541016       -0.01280150469392538
9.066666603088379       6.394202709197998       0.0       10.195363998413086       0.004910703282803297       100.41056823730469       -0.012407612055540085
9.083333015441895       8.734358787536621       0.0       10.466475486755371       0.008293615654110909       89.69402313232422       -0.01202583871781826
9.100000381469727       4.776712417602539       0.0       5.925443172454834       0.011089208535850048       103.39554595947266       -0.011655813083052635
9.116666793823242       7.814737796783447       0.0       6.254171371459961       0.013346496038138866       96.32318878173828       -0.011297172866761684
9.133333206176758       11.605117797851562       0.0       5.6293463706970215       0.014981706626713276       85.75704193115234       -0.010949567891657352
9.149999618530273       11.666152000427246       0.0       -1.97732675075531       0.014520731754601002       85.49242401123047       -0.010612658224999905
9.166666984558105       16.672372817993164       0.0       1.41396963596344       0.014073939993977547       60.481163024902344       -0.010286114178597927
9.183333396911621       13.729610443115234       0.0       4.263422966003418       0.01364089548587799       67.98744201660156       -0.00996961910277605
9.199999809265137       13.729610443115234       0.0       4.263422966003418       0.013221175409853458       67.98744201660156       -0.009662861004471779
9.216666221618652       13.729610443115234       0.0       4.263422966003418       0.012814369983971119       67.98744201660156       -0.00936554279178381
9.233333587646484       -40.970008850097656       0.0       67.15380859375       0.012420081533491611       206.68731689453125       -0.009077372029423714
9.25       17.271102905273438       0.0       -5.418405532836914       0.01203792542219162       56.97514724731445       -0.008798068389296532
9.266666412353516       -9.749351501464844       0.0       30.2721004486084       0.011667527258396149       87.90150451660156       -0.008527358062565327
9.283333778381348       -13.02392578125       0.0       6.612274646759033       0.011308526620268822       101.53115844726562       -0.008264978416264057
9.300000190734863       -2.157346248626709       0.0       4.996744632720947       0.010960572399199009       50.948368072509766       -0.008010671474039555
9.316666603088379       13.711575508117676       0.0       -8.84534740447998       0.010623323731124401       50.464332580566406       -0.007764189038425684
9.333333015441895       11.304618835449219       0.0       -0.8465715646743774       0.010296451859176159       45.565452575683594       -0.0075252908281981945
9.350000381469727       0.6927408576011658       0.0       10.848029136657715       0.009979638271033764       72.43431854248047       -0.007293743547052145
9.366666793823242       1.0244604349136353       0.0       6.927797317504883       0.009672572836279869       72.88333129882812       -0.007069320417940617
9.383333206176758       11.148484230041504       0.0       -0.7261345982551575       0.009374954737722874       45.390525817871094       -0.006851803045719862
9.399999618530273       0.3376561999320984       0.0       11.732781410217285       0.009086495265364647       75.26461029052734       -0.006640978157520294
9.416666984558105       -2.07165265083313       0.0       11.727046012878418       0.008806910365819931       82.72454833984375       -0.0064366403967142105
9.433333396911621       4.936634540557861       0.0       6.495103359222412       0.008535928092896938       64.65217590332031       -0.006238589994609356
9.449999809265137       7.371658802032471       0.0       2.200155019760132       0.008273284882307053       57.89292526245117       -0.00604663323611021
9.466666221618652       -3.1068689823150635       0.0       10.125238418579102       0.00801872182637453       84.47435760498047       -0.005860582925379276
9.483333587646484       6.665908336639404       0.0       2.1520261764526367       0.0077719921246171       58.558387756347656       -0.0056802574545145035
9.5       0.0       0.0       0.0       0.0075328536331653595       0.0       -0.005505480337888002
9.516666412353516       0.6429709196090698       0.0       0.8925681114196777       0.007301073521375656       -5.221800804138184       -0.005336080677807331
9.533333778381348       -5.801939964294434       0.0       1.720313549041748       0.007076425477862358       8.183189392089844       -0.005171893630176783
9.550000190734863       -4.081117153167725       0.0       1.9683035612106323       0.006858689244836569       -2.529008150100708       -0.005012758541852236
9.566666603088379       -11.915688514709473       0.0       -3.266345262527466       0.006647652480751276       -18.744789123535156       -0.00485851988196373
9.583333015441895       -7.536771297454834       0.0       -4.5731987953186035       0.00644310936331749       -26.64103889465332       -0.004709026776254177
9.600000381469727       -11.836263656616211       0.0       -3.7564918994903564       0.006244859658181667       -30.268606185913086       -0.0045641339384019375
9.616666793823242       -21.15951919555664       0.0       1.6122055053710938       0.006052710115909576       -12.282842636108398       -0.004423698876053095
9.633333206176758       -19.768457412719727       0.0       -5.036746025085449       0.005866473075002432       -44.28532028198242       -0.004287585150450468
9.649999618530273       -22.73870277404785       0.0       4.018047332763672       0.005685965996235609       -25.784181594848633       -0.004155659582465887
9.666666984558105       -27.51007080078125       0.0       8.687859535217285       0.005511013325303793       -19.329242706298828       -0.004027793183922768
9.683333396911621       -20.752676010131836       0.0       3.4115347862243652       0.005341443698853254       -36.74345016479492       -0.0039038609247654676
9.699999809265137       -21.781993865966797       0.0       0.9776312708854675       0.005177091807126999       -50.25979995727539       -0.0037837421987205744
9.716666221618652       -21.392921447753906       0.0       5.823150157928467       0.005017796531319618       -48.56536102294922       -0.003667319193482399
9.733333587646484       -30.46172523498535       0.0       11.926077842712402       0.004863402806222439       -26.37096405029297       -0.0035544787533581257
9.75       -25.069459915161133       0.0       10.914030075073242       0.004713759757578373       -44.92564392089844       -0.0034451100509613752
9.766666412353516       -28.266372680664062       0.0       18.166189193725586       0.004568720702081919       -32.544071197509766       -0.003339106682687998
9.783333778381348       -27.073060989379883       0.0       11.016197204589844       0.009354646317660809       -38.03298568725586       -0.0032363650389015675
9.800000190734863       -28.738967895507812       0.0       11.363269805908203       0.01404885295778513       -37.46759033203125       -0.0031367845367640257
9.816666603088379       -26.600479125976562       0.0       13.287202835083008       0.01799861714243889       -35.790279388427734       -0.003040268085896969
9.833333015441895       -26.937599182128906       0.0       15.816749572753906       0.02241644635796547       -36.771392822265625       -0.002946721389889717
9.850000381469727       0.0       0.0       0.0       0.021726710721850395       0.0       -0.0028560529462993145
9.866666793823242       -0.015739215537905693       0.0       0.027050552889704704       0.02105819620192051       0.0689413920044899       -0.002768174512311816
9.883333206176758       0.0       0.0       0.0       0.02041025087237358       0.0       -0.0026829999405890703
9.899999618530273       -0.626685619354248       0.0       1.494126319885254       0.01978224329650402       0.06957843899726868       -0.0026004461105912924
9.916666984558105       -0.2801842987537384       0.0       0.6598222851753235       0.019173558801412582       -0.302984356880188       -0.0025204322300851345
9.933333396911621       -0.655188262462616       0.0       0.8374298810958862       0.01858360320329666       0.0576314851641655       -0.0024428805336356163
9.949999809265137       0.0       0.0       0.0       0.018011800944805145       0.0       -0.002367714885622263
9.966666221618652       0.27934831380844116       0.0       -0.895491361618042       0.017457591369748116       -0.08884286135435104       -0.002294862177222967
9.983333587646484       0.25374671816825867       0.0       2.218567371368408       0.016920434311032295       -0.44403690099716187       -0.002224250929430127
10.0       1.004875659942627       0.0       -0.6442161798477173       0.01639980636537075       -1.1664021015167236       -0.002155812457203865
10.016666412353516       1.3580816984176636       0.0       0.7615253329277039       0.015895197167992592       -1.2978135347366333       -0.002089479938149452
10.033333778381348       0.0       0.0       0.0       0.015406113117933273       0.0       -0.0020251881796866655
10.050000190734863       0.8964157700538635       0.0       0.95046466588974       0.014932079240679741       -0.934249758720398       -0.001962874783203006
10.066666603088379       0.409307599067688       0.0       2.3793535232543945       0.014472630806267262       -0.8867979049682617       -0.001902478514239192
10.083333015441895       1.1318519115447998       0.0       1.7822712659835815       0.01402731891721487       -2.61788010597229       -0.0018439406994730234
10.100000381469727       0.5101236701011658       0.0       1.2274218797683716       0.013595708645880222       -1.330718994140625       -0.0017872040625661612
10.116666793823242       1.6228262186050415       0.0       -1.6851990222930908       0.013177379965782166       -3.223613739013672       -0.0017322131898254156
10.133333206176758       0.9251040816307068       0.0       1.6378077268600464       0.012771922163665295       -3.4661786556243896       -0.0016789142973721027
10.149999618530273       1.547573447227478       0.0       -0.04180271923542023       0.012378939427435398       -3.4721310138702393       -0.0016272554639726877
10.166666984558105       1.2753676176071167       0.0       3.2490832805633545       0.011998048983514309       -3.8839328289031982       -0.0015771860489621758
10.183333396911621       0.0       0.0       0.0       0.011628878302872181       0.0       -0.0015286572743207216
10.199999809265137       0.029356641694903374       0.0       1.0881271362304688       0.011271066963672638       0.02847103960812092       -0.0014816216425970197
10.216666221618652       -0.527401328086853       0.0       2.601170063018799       0.010924264788627625       0.2689795196056366       -0.0014360332861542702
10.233333587646484       0.259256511926651       0.0       0.07755609601736069       0.010588133707642555       -0.20939305424690247       -0.0013918476179242134
10.25       0.005516825709491968       0.0       -2.4271111488342285       0.01026234496384859       -0.5898007154464722       -0.0013490215642377734
10.266666412353516       -0.2370184361934662       0.0       -0.9289817214012146       0.009946580044925213       0.3881594240665436       -0.0013075132155790925
10.283333778381348       0.17397545278072357       0.0       0.26437029242515564       0.009640531614422798       -0.8610244393348694       -0.0012672820594161749
10.300000190734863       0.0569482259452343       0.0       2.254580497741699       0.00934389978647232       -0.0875033512711525       -0.001228288747370243
10.316666603088379       0.04017654433846474       0.0       -0.9877848029136658       0.009056394919753075       0.37177953124046326       -0.0011904952116310596
10.333333015441895       -0.10340149700641632       0.0       0.7441281676292419       0.008777736686170101       0.9239686727523804       -0.0011538645485416055
10.350000381469727       -0.030795864760875702       0.0       0.25981175899505615       0.008507653139531612       0.7804620862007141       -0.0011183611350134015
10.366666793823242       -0.7111455798149109       0.0       -0.4326716661453247       0.008245878852903843       1.6642146110534668       -0.0010839499300345778
10.383333206176758       0.408888578414917       0.0       -0.9650768637657166       0.007992159575223923       -0.29318493604660034       -0.001050597638823092
10.399999618530273       0.5066771507263184       0.0       1.6810532808303833       0.007746247109025717       0.20963802933692932       -0.0010182715486735106
10.416666984558105       -0.44137832522392273       0.0       3.816089153289795       0.007507900707423687       1.5153299570083618       -0.0009869401110336185
10.433333396911621       -0.3066185712814331       0.0       2.7771835327148438       0.007276888471096754       1.6483908891677856       -0.0009565727668814361
10.449999809265137       0.0       0.0       0.0       0.0070529840886592865       0.0       -0.0009271397721022367
10.466666221618652       -0.26187360286712646       0.0       0.4826737940311432       0.006835969164967537       0.8669853210449219       -0.0008986123721115291
10.483333587646484       -0.7683963775634766       0.0       0.7044170498847961       0.00662563182413578       1.0790621042251587       -0.0008709627436473966
10.5       -0.4096548557281494       0.0       -0.48775288462638855       0.006421766243875027       1.8176851272583008       -0.0008441639365628362
10.516666412353516       -0.3319011628627777       0.0       0.9599640369415283       0.006224173586815596       1.3327665328979492       -0.000818189640995115
10.533333778381348       -0.40646734833717346       0.0       1.018940806388855       0.006032660603523254       1.2492233514785767       -0.0007930145948193967
10.550000190734863       -0.44080808758735657       0.0       -1.0042511224746704       0.005847040098160505       1.6211048364639282       -0.0007686141179874539
10.566666603088379       -0.7069455981254578       0.0       1.5959141254425049       0.005667130928486586       1.8758246898651123       -0.000744964461773634
10.583333015441895       -0.6502920389175415       0.0       -2.674478769302368       0.005492758005857468       1.2051323652267456       -0.0007220424595288932
10.600000381469727       -0.810918927192688       0.0       -0.5491865873336792       0.005323749966919422       1.505658507347107       -0.000699825759511441
10.616666793823242       0.0       0.0       0.0       0.0051599424332380295       0.0       -0.0006782926502637565
10.633333206176758       -0.03854072839021683       0.0       1.885215163230896       0.0050011747516691685       0.8247873783111572       -0.00065742211882025
10.649999618530273       0.3641471564769745       0.0       -0.9677378535270691       0.004847292322665453       0.11187547445297241       -0.0006371937342919409
10.666666984558105       -0.12107281386852264       0.0       -0.6339184641838074       0.00469814520329237       0.060125041753053665       -0.0006175878224894404
10.683333396911621       -0.1471552848815918       0.0       1.6827141046524048       0.004553586710244417       0.30205973982810974       -0.0005985851166769862
10.699999809265137       -0.2622227966785431       0.0       -1.3439029455184937       0.004413476213812828       0.24029742181301117       -0.0005801671068184078
10.716666221618652       -0.14815977215766907       0.0       -1.9091136455535889       0.004277677275240421       -0.1969691663980484       -0.0005623158067464828
10.733333587646484       0.6894828081130981       0.0       0.6686142683029175       0.0041460562497377396       0.2785325348377228       -0.0005450137541629374
10.75       0.14250151813030243       0.0       -0.3625502288341522       0.004018485080450773       0.5872066020965576       -0.0005282441270537674
10.766666412353516       0.20531943440437317       0.0       0.08312612771987915       0.003894839668646455       0.3861536681652069       -0.0005119904526509345
10.783333778381348       -0.015327543951570988       0.0       -1.9890425205230713       0.003774998476728797       0.021371932700276375       -0.00049623689847067
10.800000190734863       0.12691166996955872       0.0       -0.6449786424636841       0.0036588446237146854       0.07601845264434814       -0.0004809680685866624
10.816666603088379       0.15530653297901154       0.0       0.3757193982601166       0.003546264721080661       0.28097400069236755       -0.0004661690618377179
10.833333015441895       0.09260240197181702       0.0       -1.295649528503418       0.0034371488727629185       0.17009617388248444       -0.00045182538451626897
10.850000381469727       0.3677253723144531       0.0       0.21942423284053802       0.003331390442326665       0.3986455500125885       -0.0004379230667836964
10.866666793823242       -0.33578699827194214       0.0       0.15033408999443054       0.003228886052966118       0.4001976549625397       -0.00042444851715117693
10.883333206176758       0.12511081993579865       0.0       -1.569320797920227       0.0031295358203351498       0.14147086441516876       -0.0004113885515835136
10.899999618530273       -0.408500075340271       0.0       2.1621298789978027       0.0030332424212247133       0.4517747759819031       -0.0003987304517067969
10.916666984558105       -0.041591398417949677       0.0       0.16331173479557037       0.0029399117920547724       0.18088778853416443       -0.00038646181928925216
10.933333396911621       -0.061160437762737274       0.0       -0.4970191419124603       0.002849453128874302       0.28062233328819275       -0.00037457069265656173
10.949999809265137       0.5331524610519409       0.0       -2.240358591079712       0.002761777490377426       0.25422149896621704       -0.0003630454302765429
10.966666221618652       -0.1432911604642868       0.0       0.07570642232894897       0.0026767998933792114       0.19951196014881134       -0.00035187479807063937
10.983333587646484       0.1517474502325058       0.0       -0.10150093585252762       0.002594436751678586       0.13323254883289337       -0.00034104788210242987
11.0       0.4814436137676239       0.0       -0.6354140639305115       0.002514607971534133       -0.04391736164689064       -0.0003305541176814586
11.016666412353516       -0.18175725638866425       0.0       0.38820281624794006       0.0024372353218495846       0.47254154086112976       -0.00032038320205174387
11.033333778381348       0.4424343407154083       0.0       1.0555654764175415       0.0023622435983270407       0.25187769532203674       -0.00031052526901476085
11.050000190734863       0.30802780389785767       0.0       0.3777128756046295       0.002289558993652463       0.4738433361053467       -0.0003009706560987979
11.066666603088379       0.03410396724939346       0.0       -1.1997044086456299       0.002219111192971468       0.13565167784690857       -0.00029171002097427845
11.083333015441895       -0.028936197981238365       0.0       -2.0098607540130615       0.002150830812752247       -0.0626753568649292       -0.0002827343123499304
11.100000381469727       -0.14354972541332245       0.0       -0.4573989510536194       0.0020846512634307146       0.33070898056030273       -0.00027403479907661676
11.116666793823242       0.09369660168886185       0.0       2.0669007301330566       0.0020205082837492228       0.5769138932228088       -0.0002656029537320137
11.133333206176758       0.31263959407806396       0.0       -1.8182696104049683       0.001958338776603341       -0.12378982454538345       -0.0002574305690359324
11.149999618530273       0.22876468300819397       0.0       0.3279145658016205       0.0018980822060257196       0.24792911112308502       -0.00024950961233116686
11.166666984558105       0.08286991715431213       0.0       -0.07881058007478714       0.001839679665863514       0.20591296255588531       -0.00024183240020647645
11.183333396911621       0.347842812538147       0.0       -0.829055666923523       0.0017830741126090288       0.332619309425354       -0.00023439140932168812
