t       fx       vx       fy       vy       fz       vz
0.0       1.4029630422592163       0.0       -1.9814687967300415       0.0       -2.6633212566375732       0.0
0.01666666753590107       1.2657082080841064       0.0       -3.8669018745422363       0.0       -3.801163911819458       0.0
0.03333333507180214       0.7523401975631714       0.0       -1.7317944765090942       0.0       -2.554060220718384       0.0
0.05000000074505806       0.9484778642654419       0.0       -2.1785106658935547       0.0       -3.043947219848633       0.0
0.06666667014360428       0.9087128639221191       0.0       -1.5878071784973145       0.0       -1.7137255668640137       0.0
0.0833333358168602       0.5605989694595337       0.0       -2.438647508621216       0.0       -1.6718876361846924       0.0
0.10000000149011612       1.45866060256958       0.0       -2.1838464736938477       0.0       -3.5596935749053955       0.0
0.11666666716337204       1.0640392303466797       0.0       -2.657721757888794       0.0       -2.4824557304382324       0.0
0.13333334028720856       0.44156256318092346       0.0       -2.037137746810913       0.0       -2.4039201736450195       0.0
0.15000000596046448       1.245658278465271       0.0       -1.6749271154403687       0.0       -4.072434425354004       0.0
0.1666666716337204       1.2127760648727417       0.0       -1.7382467985153198       0.0       -2.480973243713379       0.0
0.18333333730697632       1.2248731851577759       0.0       -1.817263126373291       0.0       -3.967071056365967       0.0
0.20000000298023224       0.8287209868431091       0.0       -1.8558162450790405       0.0       -2.7693068981170654       0.0
0.21666666865348816       0.7741739153862       0.0       -1.3974493741989136       0.0       -1.6948634386062622       0.0
0.23333333432674408       0.7688602209091187       0.0       -1.7828240394592285       0.0       -2.8167049884796143       0.0
0.25       0.9502632021903992       0.0       -1.8129441738128662       0.0       -2.2029781341552734       0.0
0.2666666805744171       1.0027042627334595       0.0       -2.2817516326904297       0.0       -2.59989857673645       0.0
0.28333333134651184       1.5251691341400146       0.0       -1.2596139907836914       0.0       -3.7108209133148193       0.0
0.30000001192092896       0.774578869342804       0.0       -1.9366424083709717       0.0       -2.480893135070801       0.0
0.3166666626930237       0.9285493493080139       0.0       -1.9686436653137207       0.0       -2.834749460220337       0.0
0.3333333432674408       1.11896812915802       0.0       -1.8251174688339233       0.0       -3.7368345260620117       0.0
0.3499999940395355       1.1821423768997192       0.0       -1.9356105327606201       0.0       -3.4435830116271973       0.0
0.36666667461395264       1.0698193311691284       0.0       -2.308912515640259       0.0       -3.160932779312134       0.0
0.38333332538604736       1.6053669452667236       0.0       -1.5701539516448975       0.0       -3.4214298725128174       0.0
0.4000000059604645       1.4009816646575928       0.0       -2.018876791000366       0.0       -3.678703546524048       0.0
0.4166666567325592       1.059388279914856       0.0       -1.5975438356399536       0.0       -2.942678689956665       0.0
0.4333333373069763       0.8993673920631409       0.0       -1.6434886455535889       0.0       -2.3990631103515625       0.0
0.44999998807907104       1.2711329460144043       0.0       -1.7574633359909058       0.0       -2.3143208026885986       0.0
0.46666666865348816       0.9923328161239624       0.0       -2.0601537227630615       0.0       -2.1753125190734863       0.0
0.4833333194255829       0.8727936148643494       0.0       -1.7810932397842407       0.0       -2.8275349140167236       0.0
0.5       1.195938229560852       0.0       -1.5597827434539795       0.0       -2.3097259998321533       0.0
0.5166666507720947       0.9911878108978271       0.0       -2.059776782989502       0.0       -2.828993320465088       0.0
0.5333333611488342       1.2071088552474976       0.0       -2.046294689178467       0.0       -2.920698881149292       0.0
0.550000011920929       0.11534671485424042       0.0       -1.3991590738296509       0.0       -1.1671644449234009       0.0
0.5666666626930237       0.9125022292137146       0.0       -1.390120267868042       0.0       -3.1129844188690186       0.0
0.5833333134651184       1.2864289283752441       0.0       -2.0072333812713623       0.0       -2.439666271209717       0.0
0.6000000238418579       1.270563006401062       0.0       -1.6305118799209595       0.0       -3.3625426292419434       0.0
0.6166666746139526       0.9149466156959534       0.0       -1.685217261314392       0.0       -2.6522529125213623       0.0
0.6333333253860474       0.5321791172027588       0.0       -2.0465140342712402       0.0       -1.1508431434631348       0.0
0.6499999761581421       0.710673451423645       0.0       -2.2826995849609375       0.0       -2.00825834274292       0.0
0.6666666865348816       0.3197977542877197       0.0       -2.09832501411438       0.0       -1.7700614929199219       0.0
0.6833333373069763       1.3318934440612793       0.0       -1.621928334236145       0.0       -3.223716974258423       0.0
0.699999988079071       1.3170748949050903       0.0       -2.027961254119873       0.0       -3.2193737030029297       0.0
0.7166666388511658       1.1885284185409546       0.0       -2.1140670776367188       0.0       -2.5807435512542725       0.0
0.7333333492279053       0.954014003276825       0.0       -1.7897448539733887       0.0       -2.445979356765747       0.0
0.75       1.2246814966201782       0.0       -1.6175380945205688       0.0       -3.5275514125823975       0.0
0.7666666507720947       1.0573546886444092       0.0       -1.9083869457244873       0.0       -2.8814697265625       0.0
0.7833333611488342       0.916620135307312       0.0       -1.7722010612487793       0.0       -2.8197739124298096       0.0
0.800000011920929       0.9520338177680969       0.0       -2.4277782440185547       0.0       -2.135470390319824       0.0
0.8166666626930237       0.8330287337303162       0.0       -1.6071288585662842       0.0       -3.0912041664123535       0.0
0.8333333134651184       1.6494947671890259       0.0       -2.097210645675659       0.0       -3.5465221405029297       0.0
0.8500000238418579       1.5235824584960938       0.0       -2.3898191452026367       0.0       -3.4866883754730225       0.0
0.8666666746139526       0.8354648947715759       0.0       -1.7919749021530151       0.0       -2.8143560886383057       0.0
0.8833333253860474       0.5310927033424377       0.0       -2.175243854522705       0.0       -2.822981119155884       0.0
0.8999999761581421       -0.02826850488781929       0.0       -1.6343878507614136       0.0       -1.6626421213150024       0.0
0.9166666865348816       0.8458120226860046       0.0       -2.0767951011657715       0.0       -2.09489369392395       0.0
0.9333333373069763       0.5425199270248413       0.0       -1.4342617988586426       0.0       -2.621955633163452       0.0
0.949999988079071       0.9252848625183105       0.0       -1.9438997507095337       0.0       -1.8824992179870605       0.0
0.9666666388511658       0.679100751876831       0.0       -2.4268131256103516       0.0       -2.274111747741699       0.0
0.9833333492279053       1.090240478515625       0.0       -1.9267001152038574       0.0       -2.856132745742798       0.0
1.0       1.845705270767212       0.0       -1.7309356927871704       0.0       -4.556182384490967       0.0
1.0166666507720947       1.845705270767212       0.0       -1.7309356927871704       0.0       -4.556182384490967       0.0
1.0333333015441895       0.9264078140258789       0.0       -1.9555612802505493       0.0       -2.544086217880249       0.0
1.0499999523162842       0.9125303626060486       0.0       -2.1117300987243652       0.0       -2.6544911861419678       0.0
1.0666667222976685       0.7158054113388062       0.0       -2.1662936210632324       0.0       -1.7925843000411987       0.0
1.0833333730697632       1.5458531379699707       0.0       -1.8270115852355957       0.0       -3.3046438694000244       0.0
1.100000023841858       1.0958365201950073       0.0       -1.246514916419983       0.0       -3.57846999168396       0.0
1.1166666746139526       0.6216223239898682       0.0       -1.9918773174285889       0.0       -2.8061928749084473       0.0
1.1333333253860474       1.1842851638793945       0.0       -2.318314790725708       0.0       -2.5065579414367676       0.0
1.149999976158142       1.2687005996704102       0.0       -1.8158971071243286       0.0       -2.585397958755493       0.0
1.1666666269302368       0.7694350481033325       0.0       -2.3045036792755127       0.0       -2.2128653526306152       0.0
1.1833332777023315       0.8603142499923706       0.0       -2.129633665084839       0.0       -2.116713047027588       0.0
1.2000000476837158       0.7169950008392334       0.0       -1.8146038055419922       0.0       -2.5695321559906006       0.0
1.2166666984558105       0.8466737270355225       0.0       -1.8317660093307495       0.0       -2.7849197387695312       0.0
1.2333333492279053       0.5594156980514526       0.0       -1.8990123271942139       0.0       -2.5079689025878906       0.0
1.25       0.8055897951126099       0.0       -2.8617262840270996       0.0       -2.9945523738861084       0.0
1.2666666507720947       0.5561113357543945       0.0       -1.8467729091644287       0.0       -1.8764535188674927       0.0
1.2833333015441895       0.705826997756958       0.0       -2.0204403400421143       0.0       -3.3776681423187256       0.0
1.2999999523162842       1.2901146411895752       0.0       -2.308156728744507       0.0       -2.5206830501556396       0.0
1.3166667222976685       0.9467309713363647       0.0       -1.6701890230178833       0.0       -2.752598285675049       0.0
1.3333333730697632       1.3741326332092285       0.0       -1.484729290008545       0.0       -3.0228700637817383       0.0
1.350000023841858       0.8752411007881165       0.0       -2.1792447566986084       0.0       -2.597553014755249       0.0
1.3666666746139526       1.4059303998947144       0.0       -1.9294759035110474       0.0       -3.45672345161438       0.0
1.3833333253860474       1.6597528457641602       0.0       -2.3081634044647217       0.0       -4.418778896331787       0.0
1.399999976158142       0.8573013544082642       0.0       -1.5098329782485962       0.0       -2.5001561641693115       0.0
1.4166666269302368       1.2565767765045166       0.0       -2.1990346908569336       0.0       -2.378568172454834       0.0
1.4333332777023315       0.9629067182540894       0.0       -1.8313791751861572       0.0       -2.3404319286346436       0.0
1.4500000476837158       0.8543567061424255       0.0       -2.02242374420166       0.0       -2.279231071472168       0.0
1.4666666984558105       0.4300793707370758       0.0       -1.652896761894226       0.0       -2.2396790981292725       0.0
1.4833333492279053       1.0532402992248535       0.0       -1.7036716938018799       0.0       -3.2370598316192627       0.0
1.5       1.4292747974395752       0.0       -2.1988344192504883       0.0       -4.285505771636963       0.0
1.5166666507720947       1.606335997581482       0.0       -2.612031936645508       0.0       -3.3347082138061523       0.0
1.5333333015441895       1.1080048084259033       0.0       -2.2301859855651855       0.0       -2.208482027053833       0.0
1.5499999523162842       0.4550340473651886       0.0       -1.5611672401428223       0.0       -1.4968715906143188       0.0
1.5666667222976685       1.053322196006775       0.0       -1.7550394535064697       0.0       -2.5414772033691406       0.0
1.5833333730697632       1.1743205785751343       0.0       -1.7882214784622192       0.0       -3.3299901485443115       0.0
1.600000023841858       1.0824922323226929       0.0       -1.9571703672409058       0.0       -3.1982486248016357       0.0
1.6166666746139526       1.4343540668487549       0.0       -2.4581847190856934       0.0       -2.3949413299560547       0.0
1.6333333253860474       1.189559817314148       0.0       -2.099135398864746       0.0       -3.0298824310302734       0.0
1.649999976158142       1.371074914932251       0.0       -1.6492042541503906       0.0       -2.620704174041748       0.0
1.6666666269302368       1.0585834980010986       0.0       -2.0869641304016113       0.0       -3.5530765056610107       0.0
1.6833332777023315       1.4510747194290161       0.0       -1.9408233165740967       0.0       -3.595991373062134       0.0
1.7000000476837158       1.4899308681488037       0.0       -2.4468603134155273       0.0       -3.5082004070281982       0.0
1.7166666984558105       0.8602265119552612       0.0       -1.7685242891311646       0.0       -2.972358465194702       0.0
1.7333333492279053       0.5961558222770691       0.0       -2.145653486251831       0.0       -2.481234312057495       0.0
1.75       0.8742886781692505       0.0       -1.369570255279541       0.0       -2.9644041061401367       0.0
1.7666666507720947       1.0646355152130127       0.0       -2.1952497959136963       0.0       -2.661478281021118       0.0
1.7833333015441895       0.9225781559944153       0.0       -2.274852991104126       0.0       -2.6764540672302246       0.0
1.7999999523162842       1.0851048231124878       0.0       -1.7891713380813599       0.0       -2.655259847640991       0.0
1.8166667222976685       0.9975388646125793       0.0       -2.0508978366851807       0.0       -2.253692626953125       0.0
1.8333333730697632       0.6919419169425964       0.0       -1.945371389389038       0.0       -2.402376174926758       0.0
1.850000023841858       0.6992291212081909       0.0       -2.033863067626953       0.0       -2.0370686054229736       0.0
1.8666666746139526       0.3627116084098816       0.0       -1.5027207136154175       0.0       -1.3989591598510742       0.0
1.8833333253860474       0.41232672333717346       0.0       -2.0334253311157227       0.0       -1.5879970788955688       0.0
1.899999976158142       1.0976029634475708       0.0       -2.1813085079193115       0.0       -2.457665205001831       0.0
1.9166666269302368       1.1417522430419922       0.0       -1.955407977104187       0.0       -2.5564255714416504       0.0
1.9333332777023315       1.0759941339492798       0.0       -1.5927724838256836       0.0       -3.40079402923584       0.0
1.9500000476837158       1.0794905424118042       0.0       -1.550254464149475       0.0       -3.0605359077453613       0.0
1.9666666984558105       0.24997980892658234       0.0       -1.2291086912155151       0.0       -1.5824527740478516       0.0
1.9833333492279053       1.2081959247589111       0.0       -1.93056058883667       0.0       -2.8563778400421143       0.0
2.0       0.3152795135974884       0.0       -2.164759874343872       0.0       -1.6480814218521118       0.0
2.0166666507720947       1.2260850667953491       0.0       -1.5925971269607544       0.0       -3.3915889263153076       0.0
2.0333333015441895       0.9174579977989197       0.0       -1.2203309535980225       0.0       -2.929082155227661       0.0
2.049999952316284       0.703622043132782       0.0       -1.9063153266906738       0.0       -1.692240595817566       0.0
2.066666603088379       1.7745866775512695       0.0       -1.3830405473709106       0.0       -3.547553539276123       0.0
2.0833332538604736       0.8410007357597351       0.0       -1.653196930885315       0.0       -1.9502229690551758       0.0
2.0999999046325684       1.640032172203064       0.0       -2.1735105514526367       0.0       -2.616286516189575       0.0
2.116666555404663       0.7214195728302002       0.0       -1.8879425525665283       0.0       -2.947361946105957       0.0
2.133333444595337       0.31866949796676636       0.0       -2.386890411376953       0.0       -1.7125378847122192       0.0
2.1500000953674316       1.4900075197219849       0.0       -2.2398786544799805       0.0       -2.7769925594329834       0.0
2.1666667461395264       0.42947253584861755       0.0       -1.4454023838043213       0.0       -1.43222177028656       0.0
2.183333396911621       0.5655124187469482       0.0       -1.9556971788406372       0.0       -1.7349662780761719       0.0
2.200000047683716       1.0040432214736938       0.0       -1.9450647830963135       0.0       -2.2634196281433105       0.0
2.2166666984558105       1.2299473285675049       0.0       -1.8921759128570557       0.0       -2.221926689147949       0.0
2.2333333492279053       1.315928339958191       0.0       -2.1810803413391113       0.0       -3.710736036300659       0.0
2.25       0.9993903636932373       0.0       -1.965419054031372       0.0       -2.5427491664886475       0.0
2.2666666507720947       1.29672372341156       0.0       -2.378143072128296       0.0       -3.8566744327545166       0.0
2.2833333015441895       0.984135091304779       0.0       -1.6853259801864624       0.0       -3.1858294010162354       0.0
2.299999952316284       0.7446368336677551       0.0       -1.8634328842163086       0.0       -2.614647150039673       0.0
2.316666603088379       0.8401241898536682       0.0       -2.5680153369903564       0.0       -2.0299062728881836       0.0
2.3333332538604736       0.8465023040771484       0.0       -1.6129908561706543       0.0       -2.4259018898010254       0.0
2.3499999046325684       1.3510125875473022       0.0       -1.9914332628250122       0.0       -2.6712539196014404       0.0
2.366666555404663       1.2613465785980225       0.0       -2.125563621520996       0.0       -2.3609957695007324       0.0
2.383333444595337       1.2789316177368164       0.0       -1.7367792129516602       0.0       -1.9049665927886963       0.0
2.4000000953674316       0.7265936732292175       0.0       -1.5758634805679321       0.0       -1.9314967393875122       0.0
2.4166667461395264       0.7849600911140442       0.0       -2.2380757331848145       0.0       -1.8224599361419678       0.0
2.433333396911621       0.9433661699295044       0.0       -1.9130650758743286       0.0       -2.6500000953674316       0.0
2.450000047683716       0.9532076120376587       0.0       -1.777137041091919       0.0       -2.2317070960998535       0.0
2.4666666984558105       1.3535619974136353       0.0       -1.4984153509140015       0.0       -2.867945909500122       0.0
2.4833333492279053       0.7985446453094482       0.0       -1.4963716268539429       0.0       -2.057526111602783       0.0
2.5       1.0090242624282837       0.0       -1.4219799041748047       0.0       -2.269923210144043       0.0
2.5166666507720947       1.4348582029342651       0.0       -1.6270134449005127       0.0       -3.810922622680664       0.0
2.5333333015441895       0.7333539724349976       0.0       -2.400911331176758       0.0       -2.0833942890167236       0.0
2.549999952316284       0.34359437227249146       0.0       -2.212869167327881       0.0       -1.7580021619796753       0.0
2.566666603088379       1.186189889907837       0.0       -2.528475284576416       0.0       -3.020960569381714       0.0
2.5833332538604736       1.2226064205169678       0.0       -2.5336756706237793       0.0       -3.520901679992676       0.0
2.5999999046325684       1.8116207122802734       0.0       -1.1399848461151123       0.0       -4.456226825714111       0.0
2.616666555404663       1.2242909669876099       0.0       -2.478093385696411       0.0       -3.564340829849243       0.0
2.633333444595337       1.918187141418457       0.0       -1.5654821395874023       0.0       -4.6764702796936035       0.0
2.6500000953674316       1.597032904624939       0.0       -1.7736191749572754       0.0       -4.30606746673584       0.0
2.6666667461395264       1.26369047164917       0.0       -0.495044469833374       0.0       -3.391536235809326       0.0
2.683333396911621       1.6930285692214966       0.0       -1.4812374114990234       0.0       -3.929008722305298       0.0
2.700000047683716       0.7172242403030396       0.0       -1.1737797260284424       0.0       -0.5960292816162109       0.0
2.7166666984558105       -2.684676170349121       0.0       -1.1792211532592773       0.0       11.46648120880127       0.0
2.7333333492279053       -2.0414488315582275       0.0       -0.5261255502700806       0.0       13.454315185546875       0.0
2.75       -2.4356210231781006       0.0       -0.937278687953949       0.0       21.540050506591797       0.0
2.7666666507720947       -2.1185011863708496       0.0       -0.9555312395095825       0.0       23.904939651489258       0.0
2.7833333015441895       -3.685807228088379       0.0       -1.2549632787704468       0.0       30.71005630493164       0.0
2.799999952316284       -0.45184144377708435       0.0       -1.4247150421142578       0.0       36.048770904541016       0.0
2.816666603088379       2.1185154914855957       0.0       -0.6722344160079956       0.0       38.071292877197266       0.0
2.8333332538604736       4.096975326538086       0.0       6.534911632537842       0.0       37.007442474365234       0.0
2.8499999046325684       7.789950847625732       0.0       7.944382190704346       0.0       41.227638244628906       0.0
2.866666555404663       2.506932258605957       0.0       2.2749032974243164       0.0       50.18749237060547       0.0
2.883333444595337       2.6956379413604736       0.0       8.640106201171875       0.0       57.21263122558594       0.0
2.9000000953674316       9.481935501098633       0.0       8.312681198120117       0.0       43.856361389160156       0.0
2.9166667461395264       9.489141464233398       0.0       5.018863201141357       0.0       49.77296447753906       0.0
2.933333396911621       3.902740240097046       0.0       5.690775394439697       0.0       70.19046020507812       0.0
2.950000047683716       6.030219078063965       0.0       7.488598346710205       0.0       69.12351989746094       0.0
2.9666666984558105       9.686745643615723       0.0       7.599228382110596       0.0       61.8364372253418       0.0
2.9833333492279053       3.7436838150024414       0.0       6.607964038848877       0.0       84.98139190673828       0.0
3.0       13.291825294494629       0.0       7.955389499664307       0.0       58.89645767211914       0.0
3.0166666507720947       2.1239230632781982       0.0       7.071415424346924       0.0       98.35090637207031       0.0
3.0333333015441895       12.498498916625977       0.0       8.559316635131836       0.0       74.14695739746094       0.0
3.049999952316284       8.984007835388184       0.0       8.048410415649414       0.0       91.93013000488281       0.0
3.066666603088379       14.006194114685059       0.0       9.433000564575195       0.0       83.42691040039062       0.0
3.0833332538604736       16.11859893798828       0.0       11.262218475341797       0.0       74.19043731689453       0.0
3.0999999046325684       3.2102901935577393       0.0       9.626599311828613       0.0       103.2029037475586       0.0
3.116666555404663       2.2976861000061035       0.0       9.549867630004883       0.0       108.24627685546875       0.0
3.133333444595337       9.471659660339355       0.0       11.366093635559082       0.0       86.94474792480469       0.0
3.1500000953674316       2.5562655925750732       0.0       10.665267944335938       0.0       108.32827758789062       0.0
3.1666667461395264       11.128567695617676       0.0       12.616287231445312       0.0       82.61167907714844       0.0
3.183333396911621       5.505655288696289       0.0       10.155526161193848       0.0       98.85762023925781       0.0
3.200000047683716       8.230170249938965       0.0       11.091222763061523       0.0       91.87285614013672       0.0
3.2166666984558105       7.793946743011475       0.0       10.69546127319336       0.0       93.56794738769531       0.0
3.2333333492279053       8.409418106079102       0.0       11.030099868774414       0.0       92.95128631591797       0.0
3.25       8.153368949890137       0.0       10.644978523254395       0.0       92.8650131225586       0.0
3.2666666507720947       8.708450317382812       0.0       10.999776840209961       0.0       91.10533142089844       0.0
3.2833333015441895       15.500824928283691       0.0       10.677162170410156       0.0       70.56185150146484       0.0
3.299999952316284       10.027328491210938       0.0       7.990387439727783       0.0       87.97040557861328       0.0
3.316666603088379       11.220867156982422       0.0       10.314070701599121       0.0       85.56593322753906       0.0
3.3333332538604736       11.418318748474121       0.0       10.880605697631836       0.0       85.9676284790039       0.0
3.3499999046325684       12.349194526672363       0.0       10.501021385192871       0.0       84.84690856933594       0.0
3.366666555404663       13.89950180053711       0.0       10.92850112915039       0.0       84.73931121826172       0.0
3.383333444595337       14.201292037963867       0.0       10.760337829589844       0.0       86.12195587158203       0.0
3.4000000953674316       6.74686336517334       0.0       10.416963577270508       0.0       113.41597747802734       0.0
3.4166667461395264       8.412269592285156       0.0       11.843441009521484       0.0       114.13462829589844       0.0
3.433333396911621       9.805099487304688       0.0       13.165604591369629       0.0       114.20236206054688       0.0
3.450000047683716       10.197861671447754       0.0       13.823161125183105       0.0       117.95172882080078       0.0
3.4666666984558105       12.817885398864746       0.0       14.44843864440918       0.0       112.83036041259766       0.003076923079788685
3.4833333492279053       13.90735149383545       0.0       13.608108520507812       0.0       114.17245483398438       0.006059171631932259
3.5       16.214052200317383       0.0       14.8828125       0.0       111.67742919921875       0.008949658833444118
3.5166666507720947       12.123617172241211       0.0       18.384164810180664       0.0       110.53702545166016       0.011751207523047924
3.5333333015441895       13.609113693237305       0.0       19.611913681030273       0.0       101.43175506591797       0.01446655485779047
3.549999952316284       13.061317443847656       0.0       31.135879516601562       0.0       101.36375427246094       0.017098354175686836
3.566666603088379       15.41849422454834       0.0       30.35325813293457       0.0       95.78004455566406       0.016572250053286552
3.5833332538604736       16.256567001342773       0.0       20.96523094177246       0.0       91.7752685546875       0.016062334179878235
3.5999999046325684       14.366983413696289       0.0       29.437225341796875       0.0       93.35565948486328       0.015568109229207039
3.616666555404663       12.946137428283691       0.0       27.453880310058594       0.003076923079788685       88.50997924804688       0.015089090913534164
3.633333444595337       8.64128589630127       0.0       32.70927429199219       0.006059171631932259       90.52252197265625       0.01462481077760458
3.6500000953674316       3.7900888919830322       0.0       28.327478408813477       0.008949658833444118       78.0941390991211       0.014174817129969597
3.6666667461395264       1.991162896156311       0.0       26.28885841369629       0.011751207523047924       67.99280548095703       0.013738668523728848
3.683333396911621       1.6561275720596313       0.0       22.071914672851562       0.01446655485779047       60.316139221191406       0.013315940275788307
3.700000047683716       -1.8000379800796509       0.0       25.790271759033203       0.017098354175686836       57.10987091064453       0.012906218878924847
3.7166666984558105       -2.615039110183716       0.0       20.33560562133789       0.019649174064397812       47.95713424682617       0.012509104795753956
3.7333333492279053       -4.384500026702881       0.0       12.507863998413086       0.019044583663344383       30.109243392944336       0.012124208733439445
3.75       -9.337096214294434       0.0       20.496938705444336       0.018458595499396324       34.895599365234375       0.01175115630030632
3.7666666507720947       -7.448253154754639       0.0       8.360478401184082       0.01789063960313797       20.699750900268555       0.01138958241790533
3.7833333015441895       -11.49818229675293       0.0       18.410581588745117       0.0173401590436697       26.0759220123291       0.011039134114980698
3.799999952316284       -11.888352394104004       0.0       15.598058700561523       0.01680661551654339       30.84537696838379       0.010699467733502388
3.816666603088379       -12.118267059326172       0.0       14.497831344604492       0.016289489343762398       15.046643257141113       0.010370253585278988
3.8333332538604736       -9.078031539916992       0.0       13.33999252319336       0.015788273885846138       12.536685943603516       0.010051168501377106
3.8499999046325684       -16.161712646484375       0.0       10.970185279846191       0.015302480198442936       22.471263885498047       0.009741902351379395
3.866666555404663       -12.668936729431152       0.0       10.543319702148438       0.014831635169684887       8.801179885864258       0.00944215152412653
3.883333444595337       -14.153918266296387       0.0       7.20955753326416       0.014375276863574982       15.145575523376465       0.009151623584330082
3.9000000953674316       -15.78511905670166       0.0       2.080211639404297       0.013932961039245129       12.684089660644531       0.008870035409927368
3.9166667461395264       -10.692373275756836       0.0       -2.5967395305633545       0.013504253700375557       5.910401821136475       0.008597111329436302
3.933333396911621       -11.869197845458984       0.0       -0.4309748113155365       0.013088738545775414       1.15999174118042       0.008332584984600544
3.950000047683716       -13.142203330993652       0.0       -0.9516003131866455       0.012686008587479591       3.2884726524353027       0.00807619746774435
3.9666666984558105       -14.287657737731934       0.0       0.4372808635234833       0.012295669876039028       -6.146421909332275       0.007827699184417725
3.9833333492279053       -12.431727409362793       0.0       -1.41226065158844       0.011917341500520706       -0.046171147376298904       0.0075868465937674046
4.0       0.0       0.0       0.0       0.011550653725862503       0.0       0.0073534054681658745
4.016666889190674       -1.7787984609603882       0.0       -4.943090438842773       0.011195248924195766       3.6703555583953857       0.007127146702259779
4.0333333015441895       5.256497383117676       0.0       -1.2910243272781372       0.010850779712200165       -15.469942092895508       0.006907849572598934
4.050000190734863       0.0       0.0       0.0       0.010516909882426262       0.0       0.006695300806313753
4.066666603088379       -1.2766879796981812       0.0       3.144778251647949       0.010193312540650368       3.9168779850006104       0.006489291321486235
4.083333492279053       0.3032208979129791       0.0       0.3431594669818878       0.009879671968519688       -2.7539737224578857       0.0062896208837628365
4.099999904632568       0.0       0.0       0.0       0.009575681760907173       0.0       0.006096093915402889
4.116666793823242       2.0023610591888428       0.0       -5.995547294616699       0.009281045757234097       -1.5713095664978027       0.005908521823585033
4.133333206176758       2.9685516357421875       0.0       -1.4009495973587036       0.008995475247502327       -6.784484386444092       0.00572672113776207
4.150000095367432       5.807900905609131       0.0       -4.608971118927002       0.008718691766262054       -15.422645568847656       0.005550514440983534
4.166666507720947       2.495570182800293       0.0       -4.441136837005615       0.008450424298644066       -2.6005067825317383       0.005379729438573122
4.183333396911621       2.295471668243408       0.0       -5.147189140319824       0.008190411143004894       -5.196718215942383       0.005214199423789978
4.199999809265137       4.291136264801025       0.0       -5.349769115447998       0.00793839804828167       -10.610791206359863       0.005053762346506119
4.2166666984558105       0.0       0.0       0.0       0.007694139610975981       0.0       0.004898261744529009
4.233333110809326       -2.61008358001709       0.0       -2.4250619411468506       0.007457396946847439       4.195566654205322       0.004747546277940273
4.25       -0.578883945941925       0.0       -2.1449027061462402       0.007227938622236252       -0.33374273777008057       0.004601467866450548
4.266666889190674       2.235056161880493       0.0       -3.4274635314941406       0.007005540654063225       -7.662614345550537       0.004459884017705917
4.2833333015441895       1.9083807468414307       0.0       4.1835832595825195       0.006789985578507185       -8.417173385620117       0.004322656895965338
4.300000190734863       2.851926326751709       0.0       -0.48046860098838806       0.006581062916666269       -10.05231761932373       0.004189652390778065
4.316666603088379       1.2811825275421143       0.0       -4.1105170249938965       0.006378568708896637       -4.717981815338135       0.004060739651322365
4.333333492279053       0.17761844396591187       0.0       -1.368406891822815       0.006182305049151182       -3.5068438053131104       0.0039357938803732395
4.349999904632568       1.7611775398254395       0.0       -0.862939715385437       0.005992080084979534       -9.271470069885254       0.003814692609012127
4.366666793823242       3.90893816947937       0.0       -3.2351577281951904       0.005807708483189344       -13.577268600463867       0.003697317559272051
4.383333206176758       2.701941728591919       0.0       -1.4763439893722534       0.0056290095672011375       -8.244028091430664       0.00358355394564569
4.400000095367432       -1.2652431726455688       0.0       -3.172145366668701       0.005455809645354748       3.823335647583008       0.0034732907079160213
4.416666507720947       2.1158368587493896       0.0       -2.1712260246276855       0.0052879382856190205       -6.045642852783203       0.003366420278325677
4.433333396911621       4.186856269836426       0.0       -2.6585543155670166       0.005125232506543398       -13.728376388549805       0.003262838115915656
4.449999809265137       6.321665287017822       0.0       -0.26174986362457275       0.004967533051967621       -19.559280395507812       0.0031624429393559694
4.4666666984558105       5.0236992835998535       0.0       -0.13624748587608337       0.0048146857880055904       -16.362154006958008       0.0030651369597762823
4.483333110809326       3.2341432571411133       0.0       1.9415549039840698       0.004666541703045368       -11.54244327545166       0.002970825182273984
4.5       1.7802155017852783       0.0       0.3607946038246155       0.004522955976426601       -6.241163730621338       0.0028794151730835438
4.516666889190674       3.832490921020508       0.0       -1.0071014165878296       0.004383787978440523       -10.232094764709473       0.0027908177580684423
4.5333333015441895       4.011190891265869       0.0       -0.5317986011505127       0.004248902201652527       -12.598124504089355       0.002704946557059884
4.550000190734863       4.216038703918457       0.0       -0.24155332148075104       0.0041181668639183044       -13.42074203491211       0.0026217172853648663
4.566666603088379       3.8135223388671875       0.0       0.6116175055503845       0.003991453908383846       -12.882065773010254       0.002541049150750041
4.583333492279053       1.469651460647583       0.0       -1.5650659799575806       0.003868639934808016       -4.38227653503418       0.002462862990796566
4.599999904632568       2.412447452545166       0.0       -3.458455801010132       0.0037496048025786877       -5.893605709075928       0.0023870826698839664
4.616666793823242       1.858081579208374       0.0       -3.952136278152466       0.0036342323292046785       -7.785048484802246       0.0023136339150369167
4.633333206176758       1.5533651113510132       0.0       -3.4136834144592285       0.00352240982465446       -6.689091682434082       0.002242445247247815
4.650000095367432       4.541940689086914       0.0       -2.1150829792022705       0.0034140280913561583       -12.613142967224121       0.0021734468173235655
4.666666507720947       2.9413275718688965       0.0       -0.3847266435623169       0.0033089809585362673       -9.125189781188965       0.0021065715700387955
4.683333396911621       2.2238988876342773       0.0       -1.5611003637313843       0.003207166213542223       -6.865057945251465       0.0020417538471519947
4.699999809265137       5.059911727905273       0.0       0.14982333779335022       0.0031084842048585415       -14.075132369995117       0.0019789307843893766
4.7166666984558105       5.614830493927002       0.0       0.12302396446466446       0.00301283854059875       -20.127107620239258       0.0019180405652150512
4.733333110809326       2.4186017513275146       0.0       -2.8523409366607666       0.0029201358556747437       -11.045882225036621       0.0018590239342302084
4.75       2.895037889480591       0.0       -2.480635166168213       0.0028302855789661407       -10.801494598388672       0.001801823265850544
4.766666889190674       -0.9239460229873657       0.0       -3.0646955966949463       0.0027431997004896402       1.5705740451812744       0.0017463824478909373
4.7833333015441895       1.369570016860962       0.0       -3.544691324234009       0.0026587937027215958       -3.9566922187805176       0.0016926476964727044
4.800000190734863       0.5266059041023254       0.0       -3.4583308696746826       0.0025769846979528666       -2.614281177520752       0.0016405661590397358
4.816666603088379       4.296576976776123       0.0       -1.655804991722107       0.0024976928252726793       -14.341204643249512       0.0015900871949270368
4.833333492279053       2.3934736251831055       0.0       -0.32355770468711853       0.002420840784907341       -7.993178844451904       0.0015411614440381527
4.849999904632568       6.053379058837891       0.0       0.6015468835830688       0.0023463533725589514       -20.75132179260254       0.0014937410596758127
4.866666793823242       3.324187755584717       0.0       -1.779028296470642       0.002274157712236047       -11.580913543701172       0.0014477798249572515
4.883333206176758       6.2235941886901855       0.0       -3.2234785556793213       0.0022041837219148874       -19.446521759033203       0.001403232803568244
4.900000095367432       4.229475975036621       0.0       -1.9617960453033447       0.0021363627165555954       -12.240675926208496       0.001360056339763105
4.916666507720947       -0.6347446441650391       0.0       -3.2614593505859375       0.0020706283394247293       -2.470694065093994       0.0013182085240259767
4.933333396911621       3.4719362258911133       0.0       -5.158733367919922       0.002006916794925928       -11.951582908630371       0.0012776482617482543
4.949999809265137       5.562404632568359       0.0       -5.756364345550537       0.0019451654516160488       -17.955198287963867       0.0012383359717205167
4.9666666984558105       5.1839399337768555       0.0       -6.4735307693481445       0.0018853142391890287       -17.15850830078125       0.0012002333533018827
4.983333110809326       7.78833532333374       0.0       -8.147065162658691       0.001827304600737989       -24.233779907226562       0.001163303037174046
5.0       9.828786849975586       0.0       -7.431262016296387       0.0017710798420011997       -32.053375244140625       0.0011275091674178839
5.016666889190674       10.196494102478027       0.0       -10.084017753601074       0.0017165850149467587       -33.043495178222656       0.0010928165866062045
5.0333333015441895       12.587251663208008       0.0       -8.825643539428711       0.001663767034187913       -39.981719970703125       0.0010591914178803563
5.050000190734863       12.323736190795898       0.0       -8.973995208740234       0.0016125742113217711       -39.87797164916992       0.001026600948534906
5.066666603088379       15.163039207458496       0.0       -8.752119064331055       0.0015629566041752696       -47.98781967163086       0.000995013164356351
5.083333492279053       16.17060089111328       0.0       -6.998952865600586       0.0015148655511438847       -53.275089263916016       0.0009643973899073899
5.099999904632568       17.362810134887695       0.0       -8.475937843322754       0.0014682543696835637       -56.80485916137695       0.0009347236482426524
5.116666793823242       19.145692825317383       0.0       -11.834921836853027       0.0014230773085728288       -62.41831588745117       0.0009059628937393427
5.133333206176758       17.564931869506836       0.0       -9.72662353515625       0.0013792902464047074       -66.41087341308594       0.0008780871285125613
5.150000095367432       19.252649307250977       0.0       -8.661620140075684       0.001336850575171411       -70.25032806396484       0.0008510690531693399
5.166666507720947       18.105806350708008       0.0       -12.388405799865723       0.0012957167346030474       -69.79639434814453       0.0008248822996392846
5.183333396911621       17.2946834564209       0.0       -8.262459754943848       0.0012558485614135861       -68.85879516601562       0.0007995013147592545
5.199999809265137       17.846155166625977       0.0       -12.37385082244873       0.0012172070564702153       -71.34576416015625       0.0007749013020657003
5.2166666984558105       14.640978813171387       0.0       -14.260481834411621       0.001179754501208663       -75.0145492553711       0.000751058163587004
5.233333110809326       11.822033882141113       0.0       -13.82939624786377       0.0011434543412178755       -67.80453491210938       0.0007279486744664609
5.25       10.461053848266602       0.0       -13.763130187988281       0.0011082711862400174       -71.45611572265625       0.0007055502501316369
5.266666889190674       14.480851173400879       0.0       -15.2059965133667       0.0010741704609245062       -79.72090148925781       0.0006838410045020282
5.2833333015441895       1.7112542390823364       0.0       3.5541675090789795       0.001041119103319943       4.323186874389648       0.0006627997499890625
5.300000190734863       3.012680768966675       0.0       1.693057656288147       0.001009084633551538       0.3532674312591553       0.0006424059392884374
5.316666603088379       3.6028060913085938       0.0       3.6607484817504883       0.0009780358523130417       -1.5808944702148438       0.0006226396071724594
5.333333492279053       1.3936145305633545       0.0       1.016064167022705       0.000947942491620779       -4.111757755279541       0.0006034814286977053
5.349999904632568       2.504098653793335       0.0       1.1543883085250854       0.0009187750401906669       -2.608797073364258       0.0005849127774126828
5.366666793823242       4.199572563171387       0.0       2.125824213027954       0.0008905050344765186       -9.306583404541016       0.0005669154925271869
5.383333206176758       5.521714210510254       0.0       0.4538705348968506       0.0008631048840470612       -12.719630241394043       0.0005494719371199608
5.400000095367432       2.4062724113464355       0.0       2.681403875350952       0.0008365478133782744       -5.909890651702881       0.0005325651145540178
5.416666507720947       3.29228138923645       0.0       2.2428793907165527       0.0008108078618533909       -11.118700981140137       0.0005161784938536584
5.433333396911621       3.523538112640381       0.0       0.28435420989990234       0.000785859941970557       -7.955512523651123       0.0005002960679121315
5.449999809265137       3.366644859313965       0.0       0.023182710632681847       0.0007616796065121889       -4.780162811279297       0.0004849023243878037
5.4666666984558105       2.366450071334839       0.0       0.20702333748340607       0.0007382433395832777       -4.779118061065674       0.0004699822748079896
5.483333110809326       2.97977876663208       0.0       -0.8259171843528748       0.0007155281491577625       -2.5523643493652344       0.0004555212799459696
5.5       2.421565294265747       0.0       0.28308016061782837       0.0006935119163244963       -0.0014168088091537356       0.0004415052244439721
5.516666889190674       4.100278854370117       0.0       -1.6359750032424927       0.00067217304604128       0.028211332857608795       0.000427920458605513
5.5333333015441895       4.3272929191589355       0.0       -1.349286437034607       0.0006514908163808286       0.965347170829773       0.00041475368198007345
5.550000190734863       7.071994304656982       0.0       -4.378696918487549       0.0006314449710771441       -6.323040008544922       0.00040199203067459166
5.566666603088379       8.18133544921875       0.0       -2.730595350265503       0.0006120158941484988       -6.967008590698242       0.0003896230482496321
5.583333492279053       8.803520202636719       0.0       -3.0246481895446777       0.0005931846098974347       -7.138416767120361       0.00037763462751172483
5.599999904632568       12.64780330657959       0.0       -2.9197049140930176       0.0005749327829107642       -13.50753116607666       0.00036601509782485664
5.616666793823242       12.207969665527344       0.0       -2.9947235584259033       0.0005572425434365869       -12.035242080688477       0.0003547531086951494
5.633333206176758       13.304311752319336       0.0       -2.18595027923584       0.0005400966037996113       -12.287262916564941       0.0003438376297708601
5.650000095367432       15.8742094039917       0.0       -1.288339376449585       0.0005234782584011555       -15.41886043548584       0.00033325800905004144
5.666666507720947       16.70197868347168       0.0       -2.919860363006592       0.0005073712673038244       -12.931132316589355       0.00032300391467288136
5.683333396911621       16.77549171447754       0.0       -1.9563575983047485       0.0004917597980238497       -9.608216285705566       0.00031306533492170274
5.699999809265137       16.287891387939453       0.0       -1.086702823638916       0.00047662874567322433       -14.476944923400879       0.000303432549117133
5.7166666984558105       16.056400299072266       0.0       -0.24973709881305695       0.00046196323819458485       -13.878857612609863       0.0002940961567219347
5.733333110809326       16.825021743774414       0.0       -0.03965827822685242       0.000447748985607177       -15.892234802246094       0.00028504704823717475
5.75       17.798351287841797       0.0       -0.20770233869552612       0.000433972105383873       -17.733097076416016       0.0002762763760983944
5.766666889190674       18.093278884887695       0.0       0.5771307349205017       0.0004206191224511713       -18.049861907958984       0.0002677755546756089
5.7833333015441895       18.84585952758789       0.0       0.1308164894580841       0.0004076769982930273       -19.268972396850586       0.0002595363184809685
5.800000190734863       18.592330932617188       0.0       1.6676992177963257       0.0003951330727431923       -19.011432647705078       0.00025155057664960623
5.816666603088379       18.43964385986328       0.0       0.31192147731781006       0.000382975151296705       -22.378646850585938       0.00024381055845879018
5.833333492279053       19.61964988708496       0.0       1.241464614868164       0.0003711913013830781       -23.99203109741211       0.0002363086969126016
5.849999904632568       20.27107048034668       0.0       1.1330024003982544       0.0003597700269892812       -27.586040496826172       0.00022903765784576535
5.866666793823242       20.8110294342041       0.0       0.9497655034065247       0.0003487001813482493       -29.50600814819336       0.00022199035447556525
5.883333206176758       20.857440948486328       0.0       1.172741413116455       0.0003379709378350526       -28.206466674804688       0.00021515987464226782
5.900000095367432       21.20036506652832       0.0       0.13282698392868042       0.00032757181907072663       -30.07982635498047       0.0002085395681206137
5.916666507720947       21.705101013183594       0.0       0.8487251400947571       0.00031749269692227244       -30.80420684814453       0.00020212297386024147
5.933333396911621       22.660287857055664       0.0       0.717764675617218       0.00030772367608733475       -32.13425827026367       0.0001959038054337725
5.949999809265137       22.401424407958984       0.0       0.45020759105682373       0.00029825526871718466       -32.81976318359375       0.00018987599469255656
5.9666666984558105       23.163291931152344       0.0       1.502338171005249       0.0002890781906899065       -34.30723571777344       0.00018403364811092615
5.983333110809326       22.92515754699707       0.0       0.9395759701728821       0.0002801834780257195       -35.348793029785156       0.000178371075890027
6.0       23.31095314025879       0.0       0.9562612771987915       0.00027156242867931724       -38.204994201660156       0.00017288273375015706
6.016666889190674       24.60637664794922       0.0       0.7625659108161926       0.0002632066607475281       -39.665618896484375       0.00016756326658651233
6.0333333015441895       25.41748046875       0.0       1.8196470737457275       0.0002551079960539937       -41.0836067199707       0.00016240747936535627
6.050000190734863       23.777496337890625       0.0       3.0363361835479736       0.0002472585183568299       -38.78776168823242       0.00015741032257210463
6.066666603088379       23.976648330688477       0.0       3.432634115219116       0.0002396505733486265       -37.28059768676758       0.00015256693586707115
6.083333492279053       24.22801971435547       0.0       3.8745439052581787       0.00023227671044878662       -40.57120895385742       0.00014787256077397615
6.099999904632568       24.796850204467773       0.0       4.329684734344482       0.00022512974101118743       -41.02391052246094       0.00014332264254335314
6.116666793823242       25.48162841796875       0.0       4.795902252197266       0.0002182026655646041       -42.710514068603516       0.00013891271373722702
6.133333206176758       25.758243560791016       0.0       2.4478342533111572       0.00021148873202037066       -42.243804931640625       0.0001346384669886902
6.150000095367432       25.163841247558594       0.0       2.5316672325134277       0.00020498139201663435       -41.37861633300781       0.00013049575500190258
6.166666507720947       24.667695999145508       0.0       4.700751304626465       0.00019867427181452513       -40.478519439697266       0.00012648050324060023
6.183333396911621       26.524194717407227       0.0       2.7827844619750977       0.0001925612159539014       -46.69157028198242       0.0001225887972395867
6.199999809265137       26.54724884033203       0.0       4.737863063812256       0.00018663625814951956       -47.245182037353516       0.0001188168243970722
6.2166666984558105       25.72640609741211       0.0       5.066079139709473       0.0001808936067391187       -44.3675537109375       0.00011516092490637675
6.233333110809326       25.819339752197266       0.0       6.41110372543335       0.00017532764468342066       -44.93896484375       0.00011161751172039658
6.25       24.849014282226562       0.0       7.981050968170166       0.00016993294411804527       -40.956634521484375       0.00010818312875926495
6.266666889190674       17.942625045776367       0.0       7.952706813812256       0.00016470423724967986       -19.142566680908203       0.0001048544145305641
6.2833333015441895       12.4920654296875       0.0       9.704244613647461       0.00015963641635607928       -1.6834617853164673       0.00010162812395719811
6.300000190734863       8.066644668579102       0.0       11.901225090026855       0.00015472453378606588       15.409414291381836       9.850110654952005e-05
6.316666603088379       2.7771739959716797       0.0       9.726112365722656       0.00014996377285569906       31.468276977539062       9.547030640533194e-05
6.333333492279053       0.09738881140947342       0.0       14.769322395324707       0.00014534950605593622       44.703975677490234       9.253275493392721e-05
6.349999904632568       -3.0692343711853027       0.0       16.72525405883789       0.00014087720774114132       56.883094787597656       8.968559268396348e-05
6.366666793823242       -6.435008525848389       0.0       17.313127517700195       0.0001365425268886611       69.3991928100586       8.692604023963213e-05
6.383333206176758       -6.170655727386475       0.0       22.238632202148438       0.00013234121433924884       73.58658599853516       8.425139094470069e-05
6.400000095367432       -5.788410663604736       0.0       25.288761138916016       0.0001282691810047254       78.61845397949219       8.165904000634328e-05
6.416666507720947       -4.6227593421936035       0.0       29.26884651184082       0.0001243224396603182       76.74799346923828       7.914645539131016e-05
6.433333396911621       -7.724123001098633       0.0       32.72576141357422       0.00012049713404849172       96.74225616455078       7.671117782592773e-05
6.449999809265137       -7.193970680236816       0.0       34.17189025878906       0.0031937125604599714       99.35107421875       7.435083534801379e-05
6.4666666984558105       -8.325677871704102       0.0       33.952362060546875       0.006172367837280035       104.47415924072266       7.206311420304701e-05
6.483333110809326       -6.0005083084106445       0.0       34.441802978515625       0.009059371426701546       97.39833068847656       6.984578794799745e-05
6.5       -7.235898017883301       0.0       25.006023406982422       0.011857545003294945       96.59990692138672       6.769668834749609e-05
6.516666889190674       -6.4375128746032715       0.0       19.94109535217285       0.011492697522044182       94.28885650634766       6.561371264979243e-05
6.5333333015441895       -6.548774719238281       0.0       28.214750289916992       0.011139076203107834       95.32658386230469       6.359483086271212e-05
6.550000190734863       -3.5163686275482178       0.0       21.98219108581543       0.010796335525810719       85.1253890991211       6.163806392578408e-05
6.566666603088379       -4.166588306427002       0.0       18.854351043701172       0.010464140214025974       88.64960479736328       5.974150917609222e-05
6.583333492279053       -0.22672784328460693       0.0       19.849597930908203       0.01014216709882021       75.46428680419922       5.7903307606466115e-05
6.599999904632568       -4.089017868041992       0.0       24.56669807434082       0.00983010046184063       88.80372619628906       5.612166933133267e-05
6.616666793823242       -2.1989176273345947       0.0       20.219812393188477       0.009527635760605335       81.70053100585938       5.439484812086448e-05
6.633333206176758       -0.41004663705825806       0.0       20.130353927612305       0.009234477765858173       75.31864929199219       5.272115959087387e-05
6.650000095367432       -2.954742193222046       0.0       21.29275131225586       0.008950339630246162       83.78102111816406       5.1098970288876444e-05
6.666666507720947       -4.856678009033203       0.0       23.745983123779297       0.011751867830753326       89.76504516601562       4.952669405611232e-05
6.683333396911621       -4.603847026824951       0.0       27.195022583007812       0.014467194676399231       91.96802520751953       4.80027956655249e-05
6.699999809265137       -7.710989952087402       0.0       28.88060188293457       0.01709897443652153       99.90151977539062       4.6525787183782086e-05
6.7166666984558105       -7.98862886428833       0.0       27.13910484313965       0.019649773836135864       101.31044006347656       4.509422433329746e-05
6.733333110809326       -3.9726009368896484       0.0       23.17119026184082       0.022122088819742203       89.67322540283203       4.37067101302091e-05
6.75       -7.894615173339844       0.0       24.4776554107666       0.02451833337545395       101.22842407226562       4.2361887608421966e-05
6.766666889190674       -7.522564888000488       0.0       24.53907012939453       0.026840845122933388       102.41768646240234       4.10584470955655e-05
6.7833333015441895       -9.622060775756836       0.0       25.307201385498047       0.02909189648926258       110.55908966064453       3.97951080230996e-05
6.800000190734863       -9.259124755859375       0.0       30.84317398071289       0.03127368539571762       112.98619842529297       3.857064439216629e-05
6.816666603088379       -7.375778675079346       0.0       26.108484268188477       0.03338833898305893       111.06073760986328       0.003114307066425681
6.833333492279053       -6.4667463302612305       0.0       30.969406127929688       0.0354379303753376       116.19676971435547       0.006095405202358961
6.849999904632568       -5.720330715179443       0.0       29.27176856994629       0.03742445632815361       124.60281372070312       0.008984777145087719
6.866666793823242       -4.715700149536133       0.0       27.580615997314453       0.03934985771775246       128.365966796875       0.01178524550050497
6.883333206176758       -6.2468061447143555       0.0       31.847320556640625       0.04121601581573486       132.59603881835938       0.014499546028673649
6.900000095367432       -5.693777084350586       0.0       29.711956024169922       0.04302475228905678       135.11236572265625       0.017130330204963684
6.916666507720947       -6.056305885314941       0.0       27.951995849609375       0.04477783665060997       139.04246520996094       0.019680164754390717
6.933333396911621       -3.5721380710601807       0.0       26.285009384155273       0.04647698253393173       141.2288818359375       0.02215154469013214
6.949999809265137       -3.1471760272979736       0.0       22.657089233398438       0.04812384396791458       143.19705200195312       0.024546882137656212
6.9666666984558105       -4.354708194732666       0.0       30.443204879760742       0.04972003400325775       152.05625915527344       0.026868516579270363
6.983333110809326       -1.2699304819107056       0.0       28.489219665527344       0.051267109811306       148.04425048828125       0.029118716716766357
7.0       -2.84787654876709       0.0       28.909961700439453       0.0527665838599205       152.58287048339844       0.03129968047142029
7.016666889190674       -0.26492634415626526       0.0       30.188907623291016       0.054219916462898254       148.87911987304688       0.03341353312134743
7.0333333015441895       -1.244006633758545       0.0       34.78534698486328       0.05562853440642357       153.899169921875       0.03546234965324402
7.050000190734863       -2.2329580783843994       0.0       30.717634201049805       0.05699381232261658       151.43572998046875       0.03744812309741974
7.066666603088379       0.839694082736969       0.0       26.911235809326172       0.05831708014011383       144.13754272460938       0.039372798055410385
7.083333492279053       1.0619205236434937       0.0       37.634437561035156       0.059599630534648895       146.66148376464844       0.041238248348236084
7.099999904632568       0.42986372113227844       0.0       32.140445709228516       0.06084271892905235       148.09249877929688       0.04304630309343338
7.116666793823242       0.5273024439811707       0.0       36.26323318481445       0.0620475597679615       146.96080017089844       0.044798724353313446
7.133333206176758       -3.5647473335266113       0.0       34.46406936645508       0.06321532279253006       160.1558380126953       0.046497225761413574
7.150000095367432       5.450435638427734       0.0       33.484405517578125       0.06434716284275055       136.54205322265625       0.04814346507191658
7.166666507720947       -0.5023815035820007       0.0       34.2476692199707       0.06544417142868042       146.6210479736328       0.0497390516102314
7.183333396911621       -1.0452512502670288       0.0       34.28916931152344       0.06650742888450623       147.81907653808594       0.05128554254770279
7.199999809265137       1.3582146167755127       0.0       33.41946029663086       0.06753797084093094       139.6629180908203       0.05278444662690163
7.2166666984558105       -1.5702356100082397       0.0       34.36836624145508       0.06853680312633514       150.27427673339844       0.054237235337495804
7.233333110809326       1.5615050792694092       0.0       36.6023063659668       0.06950490176677704       139.7122344970703       0.05564532056450844
7.25       -0.13697201013565063       0.0       40.79264450073242       0.07044321298599243       146.7766876220703       0.05701007694005966
7.266666889190674       0.25354984402656555       0.0       42.458927154541016       0.07135265320539474       149.6304931640625       0.05833284556865692
7.2833333015441895       -0.6949337720870972       0.0       39.67312240600586       0.07223410904407501       148.0011749267578       0.059614911675453186
7.300000190734863       1.206713080406189       0.0       46.37172317504883       0.07308844476938248       139.86717224121094       0.06085753068327904
7.316666603088379       0.11342247575521469       0.0       44.38728713989258       0.0739164873957634       144.3414764404297       0.062061913311481476
7.333333492279053       -2.56699275970459       0.0       43.65156936645508       0.07471905648708344       153.01783752441406       0.06322924047708511
7.349999904632568       -2.5490097999572754       0.0       44.474246978759766       0.07549693435430527       154.4745330810547       0.06436064839363098
7.366666793823242       2.3482000827789307       0.0       43.93561553955078       0.07625087350606918       137.04132080078125       0.06545723974704742
7.383333206176758       1.8711926937103271       0.0       44.26589584350586       0.07698161900043488       138.73292541503906       0.066520094871521
7.400000095367432       1.5970228910446167       0.0       45.41477584838867       0.07768987864255905       139.29063415527344       0.06755024939775467
7.416666507720947       2.4391403198242188       0.0       39.5381965637207       0.07837633788585663       128.4928436279297       0.06854870170354843
7.433333396911621       6.0687994956970215       0.0       43.881629943847656       0.07904168218374252       121.98773193359375       0.06951643526554108
7.449999809265137       7.330650806427002       0.0       43.27097702026367       0.07968655973672867       117.27918243408203       0.07045438885688782
7.4666666984558105       8.581953048706055       0.0       42.52043151855469       0.08031158149242401       111.97221374511719       0.07136348634958267
7.483333110809326       6.960791110992432       0.0       40.31587219238281       0.08091738075017929       116.97282409667969       0.07224460691213608
7.5       8.875326156616211       0.0       48.02222442626953       0.08150453865528107       106.43463134765625       0.07309862226247787
7.516666889190674       6.3144707679748535       0.0       45.540245056152344       0.0820736289024353       112.72747039794922       0.07392635941505432
7.5333333015441895       3.5662882328033447       0.0       45.48676681518555       0.08262521028518677       117.82398986816406       0.07472862303256989
7.550000190734863       6.27974271774292       0.0       46.822750091552734       0.08315981924533844       106.61392211914062       0.07550620287656784
7.566666603088379       4.069047927856445       0.0       44.52922058105469       0.0836779773235321       113.41069030761719       0.07625985890626907
7.583333492279053       3.3290228843688965       0.0       44.23320770263672       0.08418019860982895       110.04180908203125       0.07699032127857208
7.599999904632568       4.1665849685668945       0.0       48.92803192138672       0.08466695994138718       101.109375       0.07769831269979477
7.616666793823242       1.2012516260147095       0.0       48.22604751586914       0.08513874560594559       108.7751693725586       0.07838451862335205
7.633333206176758       1.4881709814071655       0.0       48.83224868774414       0.08559601753950119       105.91536712646484       0.07904960960149765
7.650000095367432       -0.44034773111343384       0.0       46.307220458984375       0.0860392153263092       109.29042053222656       0.0796942412853241
7.666666507720947       0.42705288529396057       0.0       45.414344787597656       0.08646877855062485       103.6153335571289       0.08031903207302094
7.683333396911621       -1.0040379762649536       0.0       45.45981216430664       0.08688512444496155       104.32231140136719       0.08092460036277771
7.699999809265137       -0.5179731249809265       0.0       47.9161491394043       0.08728865534067154       100.3122329711914       0.08151153475046158
7.7166666984558105       -0.4053120017051697       0.0       47.10566329956055       0.08767977356910706       95.16524505615234       0.07900349050760269
7.733333110809326       -1.6448403596878052       0.0       46.104148864746094       0.08805885910987854       96.68323516845703       0.07657261192798615
7.75       -0.9955503344535828       0.0       46.93803405761719       0.08842627704143524       91.2332992553711       0.07421652972698212
7.766666889190674       -3.002995729446411       0.0       50.21758270263672       0.08878239244222641       96.96815490722656       0.07193294912576675
7.7833333015441895       -4.301284313201904       0.0       48.68291091918945       0.0891275480389595       98.4326400756836       0.06971962749958038
7.800000190734863       -1.7201850414276123       0.0       45.196929931640625       0.08946208655834198       82.89271545410156       0.0675744041800499
7.816666603088379       -2.4176888465881348       0.0       50.990638732910156       0.08978632837533951       79.62852478027344       0.06549519300460815
7.833333492279053       -7.200549125671387       0.0       56.64692687988281       0.09010060131549835       100.36380767822266       0.0634799525141716
7.849999904632568       0.5577372908592224       0.0       48.556541442871094       0.09040519595146179       86.91934967041016       0.06152672693133354
7.866666793823242       0.7951088547706604       0.0       49.66245651245117       0.0907004177570343       77.09247589111328       0.05963359773159027
7.883333206176758       -2.3752756118774414       0.0       50.47996520996094       0.09098655730485916       86.86094665527344       0.05779871717095375
7.900000095367432       -1.3829866647720337       0.0       49.54084396362305       0.09126389771699905       78.50331115722656       0.05602029338479042
7.916666507720947       -3.176469326019287       0.0       52.58879852294922       0.09153269976377487       81.9637680053711       0.054296594113111496
7.933333396911621       -2.0431768894195557       0.0       48.37399673461914       0.0917932316660881       75.64762878417969       0.052625928074121475
7.949999809265137       -1.8163797855377197       0.0       52.40385055541992       0.09204574674367905       72.10887145996094       0.05100667104125023
7.9666666984558105       -4.751571178436279       0.0       51.70555877685547       0.092290498316288       81.80049896240234       0.049437232315540314
7.983333110809326       -0.21544602513313293       0.0       50.24895477294922       0.09252770990133286       68.06533813476562       0.04791608825325966
8.0       -1.2323275804519653       0.0       48.20219802856445       0.09275762736797333       69.49507904052734       0.04644174501299858
8.016666412353516       -1.9797234535217285       0.0       48.50395965576172       0.09298046678304672       67.57460021972656       0.04501276835799217
8.033333778381348       -2.6837427616119385       0.0       47.10322952270508       0.09319645166397095       67.35942077636719       0.04362776130437851
8.050000190734863       1.2437801361083984       0.0       46.603607177734375       0.09340579807758331       64.70298767089844       0.04228536784648895
8.066666603088379       0.00585834588855505       0.0       51.852413177490234       0.09360869228839874       63.5278205871582       0.04098428040742874
8.083333015441895       -0.9931073188781738       0.0       46.54470443725586       0.09380535036325455       61.975372314453125       0.0397232249379158
8.100000381469727       1.1417733430862427       0.0       44.59050750732422       0.09399595111608505       49.90947341918945       0.03850097209215164
8.116666793823242       -2.368192672729492       0.0       46.157562255859375       0.09418069571256638       58.165679931640625       0.037316326051950455
8.133333206176758       -3.700249433517456       0.0       43.67144775390625       0.09435974806547165       68.00235748291016       0.03616813197731972
8.149999618530273       -4.486833572387695       0.0       44.0332145690918       0.0945332944393158       63.603885650634766       0.03505526855587959
8.166666984558105       -4.57642126083374       0.0       42.70481491088867       0.09470149874687195       61.37912368774414       0.03397664427757263
8.183333396911621       -4.475581169128418       0.0       42.943946838378906       0.09486453235149384       55.27827453613281       0.03293120861053467
8.199999809265137       -5.626684188842773       0.0       41.38712692260742       0.0950225442647934       68.44337463378906       0.03191794082522392
8.216666221618652       -4.277482032775879       0.0       43.71590805053711       0.09517569839954376       55.77993392944336       0.030935849994421005
8.233333587646484       -6.802649974822998       0.0       41.81241989135742       0.09532413631677628       65.97042083740234       0.02998397685587406
8.25       -2.5670759677886963       0.0       43.510902404785156       0.09546801447868347       47.425724029541016       0.029061393812298775
8.266666412353516       -8.62547779083252       0.0       40.218528747558594       0.0956074595451355       66.97607421875       0.028167197480797768
8.283333778381348       -4.590706825256348       0.0       42.65995407104492       0.0957426130771637       58.63932418823242       0.02730051428079605
8.300000190734863       -7.16655969619751       0.0       36.58537673950195       0.09587360918521881       61.94195556640625       0.026460498571395874
8.316666603088379       -7.428277015686035       0.0       40.54524230957031       0.09600057452917099       53.781490325927734       0.025646328926086426
8.333333015441895       -10.938406944274902       0.0       35.751102447509766       0.09612363576889038       59.14950180053711       0.024857211858034134
8.350000381469727       -5.295439720153809       0.0       40.276268005371094       0.09624290466308594       53.79718780517578       0.024092374369502068
8.366666793823242       -8.287379264831543       0.0       37.22632598876953       0.09635850787162781       58.42454528808594       0.023351069539785385
8.383333206176758       -7.989866256713867       0.0       40.396724700927734       0.09647055715322495       50.33795928955078       0.022632576525211334
8.399999618530273       -12.132719993591309       0.0       32.45307540893555       0.0965791568160057       62.373714447021484       0.021936189383268356
8.416666984558105       -4.9650349617004395       0.0       40.369171142578125       0.09668441116809845       44.677005767822266       0.021261228248476982
8.433333396911621       -11.244988441467285       0.0       33.43507385253906       0.09678643196821213       61.820438385009766       0.020607037469744682
8.449999809265137       -12.986058235168457       0.0       35.69660568237305       0.0968853086233139       60.08457946777344       0.019972974434494972
8.466666221618652       -10.610103607177734       0.0       30.902427673339844       0.09698114544153214       55.692745208740234       0.019358420744538307
8.483333587646484       -10.73239803314209       0.0       36.584068298339844       0.09707403182983398       54.06171417236328       0.018762778490781784
8.5       -15.116498947143555       0.0       26.3986759185791       0.09716406464576721       65.62065887451172       0.018185460940003395
8.516666412353516       -10.325028419494629       0.0       34.0153694152832       0.09725132584571838       40.0896110534668       0.01762590929865837
8.533333778381348       -11.813940048217773       0.0       32.29768753051758       0.09733589738607407       46.254581451416016       0.01708357408642769
8.550000190734863       -13.17335033416748       0.0       28.738109588623047       0.09741786867380142       45.86299133300781       0.016557924449443817
8.566666603088379       -21.899158477783203       0.0       22.621057510375977       0.09749732166528702       78.63345336914062       0.016048450022935867
8.583333015441895       -14.559983253479004       0.0       22.401288986206055       0.09757432341575623       45.47173309326172       0.015554651618003845
8.600000381469727       -21.51568603515625       0.0       17.998388290405273       0.0945720374584198       71.2286148071289       0.0150760468095541
8.616666793823242       -20.06351089477539       0.0       17.29705047607422       0.09166213124990463       57.44993209838867       0.01461216900497675
8.633333206176758       -37.061275482177734       0.0       7.404390811920166       0.0888417586684227       144.97789001464844       0.014162563718855381
8.649999618530273       -37.31288528442383       0.0       2.9389514923095703       0.08610816299915314       140.83926391601562       0.013726792298257351
8.666666984558105       -21.868328094482422       0.0       17.18314552307129       0.08345868438482285       66.70559692382812       0.01330442912876606
8.683333396911621       -1.545256495475769       0.0       30.216764450073242       0.0808907225728035       -12.924385070800781       0.012895062565803528
8.699999809265137       -17.254886627197266       0.0       15.257787704467773       0.07840177416801453       53.88637924194336       0.012498291209340096
8.716666221618652       -23.950517654418945       0.0       10.515308380126953       0.07598941773176193       74.32617950439453       0.012113728560507298
8.733333587646484       -27.167715072631836       0.0       7.176449775695801       0.0736512765288353       94.10602569580078       0.01174099836498499
8.75       -117.2750015258789       0.0       -91.60346221923828       0.07138508558273315       392.541748046875       0.011379736475646496
8.766666412353516       -133.1593475341797       0.0       -119.63568878173828       0.06918862462043762       393.1361999511719       0.011029590852558613
8.783333778381348       -176.7269744873047       0.0       -176.76393127441406       0.06705974042415619       394.4239807128906       0.010690218769013882
8.800000190734863       -307.7005615234375       0.0       -268.75897216796875       0.06499636173248291       396.71685791015625       0.010361289605498314
8.816666603088379       -119.55557250976562       0.0       -116.14413452148438       0.06299647688865662       393.0114440917969       0.010042480193078518
8.833333015441895       0.0       0.0       0.0       0.06105812266469002       0.0       0.009733481332659721
8.850000381469727       29.71196174621582       0.0       34.35777282714844       0.059179410338401794       -0.7826603651046753       0.0094339894130826
8.866666793823242       109.66372680664062       0.0       138.17623901367188       0.0573585070669651       -319.6558532714844       0.009143712930381298
8.883333206176758       119.71369171142578       0.0       148.54910278320312       0.05559362843632698       -356.7019958496094       0.008862367831170559
8.899999618530273       77.14518737792969       0.0       80.758056640625       0.053883057087659836       -121.18416595458984       0.00858967937529087
8.916666984558105       98.01253509521484       0.0       111.94379425048828       0.05530203878879547       0.5666558742523193       0.008325381204485893
8.933333396911621       -60.23316192626953       0.0       -103.12306213378906       0.05360043793916702       1.484758973121643       0.008069216273725033
8.949999809265137       -14.560972213745117       0.0       -39.19448471069336       0.05195119231939316       0.1424681693315506       0.007820932194590569
8.966666221618652       -2.3546149730682373       0.0       -29.697938919067383       0.05035269632935524       -0.04748113080859184       0.007580288220196962
8.983333587646484       7.499739646911621       0.0       -9.334961891174316       0.048803381621837616       -0.45064520835876465       0.0073470487259328365
9.0       84.4349594116211       0.0       95.06291961669922       0.04730173945426941       -163.58265686035156       0.00712098553776741
9.016666412353516       147.95213317871094       0.0       182.5938720703125       0.045846302062273026       -461.3987731933594       0.006901878397911787
9.033333778381348       142.7475128173828       0.0       175.38125610351562       0.04443564638495445       -415.0236511230469       0.006689513102173805
9.050000190734863       141.59457397460938       0.0       172.08470153808594       0.04306839406490326       -372.9557800292969       0.006483681965619326
9.066666603088379       141.32981872558594       0.0       174.201904296875       0.044820137321949005       -367.162353515625       0.006284183822572231
9.083333015441895       143.08676147460938       0.003076923079788685       183.5487060546875       0.046517979353666306       -395.23980712890625       0.006090824492275715
9.100000381469727       147.49771118164062       0.006059171631932259       191.90823364257812       0.048163577914237976       -428.9138488769531       0.005903414450585842
9.116666793823242       145.65487670898438       0.008949658833444118       192.6891632080078       0.04975854605436325       -435.44921875       0.005721770692616701
9.133333206176758       145.08998107910156       0.011751207523047924       183.4368133544922       0.05130443722009659       -403.7852783203125       0.005545716267079115
9.149999618530273       143.93435668945312       0.01446655485779047       176.97348022460938       0.052802763879299164       -391.6476135253906       0.00537507887929678
9.166666984558105       141.08045959472656       0.017098354175686836       171.23828125       0.054254986345767975       -370.4581604003906       0.005209691822528839
9.183333396911621       145.58697509765625       0.019649174064397812       181.92648315429688       0.055662523955106735       -391.1044921875       0.0050493935123085976
9.199999809265137       143.36700439453125       0.022121505811810493       180.73004150390625       0.057026755064725876       -378.4678649902344       0.004894027952104807
9.216666221618652       143.67245483398438       0.024517768993973732       187.45884704589844       0.05834900960326195       -388.5347595214844       0.00474344240501523
9.233333587646484       140.8167266845703       0.026840297505259514       184.54507446289062       0.05963057652115822       -375.03033447265625       0.0045974901877343655
9.25       136.87564086914062       0.02909136563539505       175.72096252441406       0.06087271496653557       -354.0917663574219       0.004456028807908297
9.266666412353516       125.2375717163086       0.03127317130565643       147.93536376953125       0.0620766282081604       -300.7239990234375       0.0043189204297959805
9.283333778381348       123.43549346923828       0.033387843519449234       144.2597198486328       0.06324350088834763       -292.0104064941406       0.004186030477285385
9.300000190734863       119.90029907226562       0.0354374460875988       136.89654541015625       0.06437446922063828       -275.7613830566406       0.004057229496538639
9.316666603088379       131.1254425048828       0.037423986941576004       162.88333129882812       0.06547064334154129       -326.6797790527344       0.003932391759008169
9.333333015441895       131.1254425048828       0.039349403232336044       162.88333129882812       0.06653308123350143       -263.2718200683594       0.003811395028606057
9.350000381469727       136.07705688476562       0.041215576231479645       173.88299560546875       0.06756283342838287       -349.4167175292969       0.003694121493026614
9.366666793823242       137.61790466308594       0.04302432760596275       177.9759521484375       0.0685608983039856       -358.07342529296875       0.0035804561339318752
9.383333206176758       122.94718170166016       0.04477742314338684       143.69509887695312       0.0695282593369484       -288.74151611328125       0.0034702883567661047
9.399999618530273       135.90655517578125       0.0464765802025795       171.11578369140625       0.07046584784984589       -349.2948913574219       0.003363510128110647
9.416666984558105       136.13731384277344       0.04812345653772354       172.972412109375       0.07137459516525269       -350.4250793457031       0.003260017605498433
9.433333396911621       120.70993041992188       0.04971965774893761       137.40867614746094       0.07225537300109863       -278.29248046875       0.0031597092747688293
9.449999809265137       120.70993041992188       0.05126674473285675       137.40867614746094       0.07310905307531357       -278.29248046875       0.003062487579882145
9.466666221618652       139.94027709960938       0.05276622995734215       181.0740509033203       0.07393646985292435       -368.81396484375       0.0029682570602744818
9.483333587646484       139.94027709960938       0.054219577461481094       181.0740509033203       0.07473842799663544       -368.81396484375       0.0028769259806722403
9.5       139.94027709960938       0.055628202855587006       181.0740509033203       0.07551570236682892       -368.81396484375       0.0027884053997695446
9.516666412353516       124.27218627929688       0.05699349194765091       145.73117065429688       0.07626906782388687       -294.8092041015625       0.0027026082389056683
9.533333778381348       122.33631896972656       0.05831676721572876       139.6122283935547       0.0769992470741272       -286.3958740234375       0.002619451144710183
9.550000190734863       119.2798080444336       0.05959932878613472       135.542724609375       0.0777069628238678       -272.5069885253906       0.0025388526264578104
9.566666603088379       126.252685546875       0.060842424631118774       150.6815185546875       0.07839290797710419       -304.31982421875       0.002460733987390995
9.583333015441895       137.5595245361328       0.06204727292060852       175.6319122314453       0.0790577381849289       -356.3568115234375       0.002385019091889262
9.600000381469727       130.59197998046875       0.06321505457162857       162.8083953857422       0.07970211654901505       -330.30810546875       0.00231163389980793
9.616666793823242       126.22513580322266       0.06434689462184906       149.21820068359375       0.08032666891813278       -304.08648681640625       0.002240506699308753
9.633333206176758       138.06260681152344       0.06544391065835953       176.01283264160156       0.08093199878931046       -360.13690185546875       0.0021715681068599224
9.649999618530273       120.60107421875       0.06650717556476593       137.1321563720703       0.08151870965957642       -277.334716796875       0.0021047506015747786
9.666666984558105       131.05479431152344       0.06753772497177124       160.64910888671875       0.08208736032247543       -326.14739990234375       0.0020399889908730984
9.683333396911621       136.27578735351562       0.06853656470775604       172.78933715820312       0.08263851702213287       -351.19500732421875       0.0019772201776504517
9.699999809265137       133.1151885986328       0.06950467079877853       164.883544921875       0.08317272365093231       -335.974609375       0.001916382578201592
9.716666221618652       128.29949951171875       0.07044298946857452       155.77171325683594       0.08369047939777374       -312.81689453125       0.0018574169371277094
9.733333587646484       121.18501281738281       0.07135243713855743       139.1714630126953       0.08419231325387955       -281.44281005859375       0.0018002656288444996
9.75       120.28095245361328       0.0722339004278183       137.05816650390625       0.08467870205640793       -276.5927429199219       0.0017448728904128075
9.766666412353516       136.4486083984375       0.07308824360370636       173.60757446289062       0.08515013009309769       -351.2923583984375       0.0016911844722926617
9.783333778381348       123.08295440673828       0.07391629368066788       142.70355224609375       0.08560704439878464       -287.7663879394531       0.00163914798758924
9.800000190734863       129.86434936523438       0.07471887022256851       159.22569274902344       0.08604990690946579       -321.756103515625       0.0015887126792222261
9.816666603088379       129.0895233154297       0.07549675554037094       156.6812744140625       0.08647914230823517       -316.66729736328125       0.0015398291870951653
9.833333015441895       133.43544006347656       0.07625069469213486       167.1267547607422       0.0868951678276062       -337.5585021972656       0.0014924498973414302
9.850000381469727       123.13301086425781       0.07698144763708115       143.69398498535156       0.08729839324951172       -289.53448486328125       0.001446528360247612
9.866666793823242       126.18657684326172       0.07768970727920532       150.72024536132812       0.08768921345472336       -305.23046875       0.0014020197559148073
9.883333206176758       124.56729125976562       0.07837618142366409       146.30413818359375       0.08806800842285156       -295.9364929199219       0.0013588806614279747
9.899999618530273       125.11217498779297       0.07904152572154999       147.93051147460938       0.08843514323234558       -298.8464050292969       0.0013170690508559346
9.916666984558105       130.83433532714844       0.07968640327453613       161.73773193359375       0.08879098296165466       -327.1819152832031       0.0012765438295900822
9.933333396911621       131.98851013183594       0.08031143993139267       163.44190979003906       0.08913587778806686       -330.81298828125       0.001237265532836318
9.949999809265137       129.43055725097656       0.08091723918914795       157.2208251953125       0.08947016298770905       -317.9873962402344       0.001199195859953761
9.966666221618652       129.43055725097656       0.08150440454483032       157.2208251953125       0.08979415148496628       -317.9873962402344       0.001162297441624105
9.983333587646484       129.4972686767578       0.08207349479198456       157.9794464111328       0.09010817855596542       -319.7416687011719       0.0011265345383435488
10.0       129.67062377929688       0.08262508362531662       158.577392578125       0.09041254222393036       -320.4759216308594       0.001091871876269579
10.016666412353516       129.5056610107422       0.08315969258546829       157.93812561035156       0.09070754051208496       -318.7611999511719       0.0010582758113741875
10.033333778381348       130.52432250976562       0.08367785811424255       159.7078399658203       0.09099346399307251       -323.1246643066406       0.0010257135145366192
10.050000190734863       130.69508361816406       0.0841800794005394       160.03858947753906       0.09127058833837509       -324.11517333984375       0.0009941530879586935
10.066666603088379       131.23463439941406       0.08466684818267822       161.84056091308594       0.09153918921947479       -327.01300048828125       0.0009635637397877872
10.083333015441895       132.2204132080078       0.08513863384723663       164.3724365234375       0.09179951995611191       -332.6043701171875       0.0009339156094938517
10.100000381469727       133.2932891845703       0.08559590578079224       166.1424560546875       0.09205184131860733       -336.3908386230469       0.0009051797678694129
10.116666793823242       133.31790161132812       0.08603911101818085       166.96632385253906       0.09229639917612076       -337.6507568359375       0.0008773281006142497
10.133333206176758       135.1735382080078       0.08646867424249649       170.59628295898438       0.09253343194723129       -345.4757080078125       0.0008503333665430546
10.149999618530273       135.36109924316406       0.08688502758741379       171.32394409179688       0.09276317805051804       -345.81048583984375       0.0008241692557930946
10.166666984558105       136.58604431152344       0.08728855848312378       173.78709411621094       0.0929858461022377       -351.25994873046875       0.0007988102152012289
10.183333396911621       134.33123779296875       0.08767968416213989       168.74978637695312       0.0932016670703888       -341.55523681640625       0.0007742314483039081
10.199999809265137       135.982421875       0.08805876970291138       171.9430389404297       0.09341084957122803       -348.5870056152344       0.0007504089153371751
10.216666221618652       135.7135009765625       0.08842619508504868       172.32400512695312       0.09361358731985092       -348.2834777832031       0.0007273194496519864
10.233333587646484       135.75352478027344       0.08878231048583984       172.14002990722656       0.09381009638309479       -348.1671447753906       0.0007049403502605855
10.25       136.228759765625       0.08912746608257294       173.3921356201172       0.09400055557489395       -350.84979248046875       0.000683249905705452
10.266666412353516       135.50869750976562       0.08946201205253601       172.2079620361328       0.09418515115976334       -347.6637268066406       0.0006622268119826913
10.283333778381348       136.18389892578125       0.08978625386953354       173.50662231445312       0.09436406940221786       -350.8216857910156       0.0006418506382033229
10.300000190734863       136.4016876220703       0.09010052680969238       173.7382049560547       0.09453748166561127       -351.3984375       0.0006221013609319925
10.316666603088379       135.716796875       0.09040512144565582       171.68502807617188       0.09470555931329727       -347.14971923828125       0.0006029597716405988
10.333333015441895       136.2050018310547       0.09070035070180893       172.77371215820312       0.09486846625804901       -349.90087890625       0.0005844071856699884
10.350000381469727       136.7267303466797       0.09098649024963379       173.90884399414062       0.09502635896205902       -352.5252685546875       0.0005664254422299564
