t       fx       vx       fy       vy       fz       vz
0.0       0.48141950368881226       0.0       -3.763702630996704       0.0       -0.6684908270835876       0.0
0.01666666753590107       0.34320876002311707       0.0       -3.465308427810669       0.0       -0.3668931722640991       0.0
0.03333333507180214       0.44243481755256653       0.0       -0.6920979619026184       0.0       -0.04563254490494728       0.0
0.05000000074505806       -0.3772665858268738       0.0       -1.1035369634628296       0.0       0.6416426301002502       0.0
0.06666667014360428       0.6735401749610901       0.0       -0.6588013172149658       0.0       -1.3170347213745117       0.0
0.0833333358168602       0.5766869187355042       0.0       -0.8249022364616394       0.0       -1.1310269832611084       0.0
0.10000000149011612       1.1247668266296387       0.0       -0.965440034866333       0.0       -1.837045669555664       0.0
0.11666666716337204       0.4482268691062927       0.0       -0.8109148144721985       0.0       -0.31617987155914307       0.0
0.13333334028720856       -0.1504438817501068       0.0       -0.6284952759742737       0.0       1.1763876676559448       0.0
0.15000000596046448       -0.22813931107521057       0.0       -0.4334290325641632       0.0       1.1824793815612793       0.0
0.1666666716337204       0.3025951087474823       0.0       -0.6869360208511353       0.0       -0.1219000443816185       0.0
0.18333333730697632       0.5901326537132263       0.0       -0.9289130568504333       0.0       -0.8380023837089539       0.0
0.20000000298023224       0.46056219935417175       0.0       -0.5960917472839355       0.0       0.03296215832233429       0.0
0.21666666865348816       0.11314558237791061       0.0       -0.8799348473548889       0.0       -0.4950876832008362       0.0
0.23333333432674408       0.6252726316452026       0.0       -0.7740356922149658       0.0       -0.2710467576980591       0.0
0.25       -0.009308879263699055       0.0       -0.6710730791091919       0.0       0.5316749215126038       0.0
0.2666666805744171       0.5819741487503052       0.0       -0.6082455515861511       0.0       -0.9027194976806641       0.0
0.28333333134651184       0.48194757103919983       0.0       -0.7525824904441833       0.0       -0.1640651673078537       0.0
0.30000001192092896       0.29588618874549866       0.0       -0.4888719916343689       0.0       0.25244900584220886       0.0
0.3166666626930237       0.7677481770515442       0.0       -0.7154776453971863       0.0       -1.0467036962509155       0.0
0.3333333432674408       0.43647298216819763       0.0       -1.3626207113265991       0.0       -0.9470092058181763       0.0
0.3499999940395355       -0.04683391749858856       0.0       -0.5560731291770935       0.0       0.22585751116275787       0.0
0.36666667461395264       -0.030701279640197754       0.0       -0.6168146729469299       0.0       0.34636548161506653       0.0
0.38333332538604736       0.5672964453697205       0.0       -0.696966290473938       0.0       -0.26350855827331543       0.0
0.4000000059604645       0.3817296624183655       0.0       -1.6196116209030151       0.0       -1.0688859224319458       0.0
0.4166666567325592       0.20437870919704437       0.0       -0.23484626412391663       0.0       0.1384134292602539       0.0
0.4333333373069763       0.716360330581665       0.0       -1.028451681137085       0.0       -1.0587775707244873       0.0
0.44999998807907104       1.5805048942565918       0.0       -0.7270817756652832       0.0       -3.043086290359497       0.0
0.46666666865348816       0.24008037149906158       0.0       -0.6109347939491272       0.0       0.34263911843299866       0.0
0.4833333194255829       0.2571128010749817       0.0       -0.663011372089386       0.0       -0.7246200442314148       0.0
0.5       0.6556171774864197       0.0       -0.8503629565238953       0.0       -0.6693053245544434       0.0
0.5166666507720947       0.4150101840496063       0.0       -0.5744425654411316       0.0       -0.6350424289703369       0.0
0.5333333611488342       0.3759002983570099       0.0       -0.8729080557823181       0.0       0.5247994065284729       0.0
0.550000011920929       0.5396210551261902       0.0       -1.452925205230713       0.0       -0.6032513976097107       0.0
0.5666666626930237       0.36578303575515747       0.0       -0.7538226246833801       0.0       0.00040886038914322853       0.0
0.5833333134651184       0.4745987355709076       0.0       -1.0922935009002686       0.0       -0.41262632608413696       0.0
0.6000000238418579       0.12316799908876419       0.0       -1.1709669828414917       0.0       -0.14336974918842316       0.0
0.6166666746139526       1.0419831275939941       0.0       -0.9486002326011658       0.0       -1.784724235534668       0.0
0.6333333253860474       0.15954874455928802       0.0       -0.7244127988815308       0.0       0.43049898743629456       0.0
0.6499999761581421       0.2299235463142395       0.0       -1.2067313194274902       0.0       -0.3337155878543854       0.0
0.6666666865348816       0.6128593683242798       0.0       -0.875543475151062       0.0       -1.3167088031768799       0.0
0.6833333373069763       0.26510921120643616       0.0       -1.405835509300232       0.0       0.11814804375171661       0.0
0.699999988079071       0.14314500987529755       0.0       -0.7421574592590332       0.0       -0.22929470241069794       0.0
0.7166666388511658       0.33941999077796936       0.0       -1.679313063621521       0.0       -0.2945249378681183       0.0
0.7333333492279053       0.24637852609157562       0.0       -0.8350894451141357       0.0       0.13735142350196838       0.0
0.75       -0.1549229770898819       0.0       0.06200578436255455       0.0       0.1578403115272522       0.0
0.7666666507720947       0.19858404994010925       0.0       -1.308919072151184       0.0       0.2639293670654297       0.0
0.7833333611488342       0.8595851063728333       0.0       -0.8983363509178162       0.0       -1.0854042768478394       0.0
0.800000011920929       0.18789762258529663       0.0       -0.7509245276451111       0.0       -0.07486226409673691       0.0
0.8166666626930237       0.5115155577659607       0.0       -1.2233104705810547       0.0       -0.9862059354782104       0.0
0.8333333134651184       0.2794435918331146       0.0       -1.3117551803588867       0.0       0.18777300417423248       0.0
0.8500000238418579       0.8476473689079285       0.0       -0.8944796323776245       0.0       -0.7057434320449829       0.0
0.8666666746139526       0.22134123742580414       0.0       -1.307508945465088       0.0       0.4054895043373108       0.0
0.8833333253860474       0.8259820342063904       0.0       -0.6120519042015076       0.0       -1.730388879776001       0.0
0.8999999761581421       0.6331472396850586       0.0       -0.489715576171875       0.0       0.10794643312692642       0.0
0.9166666865348816       -0.057856108993291855       0.0       -0.5079913139343262       0.0       0.5639441609382629       0.0
0.9333333373069763       0.39358726143836975       0.0       -0.3832605183124542       0.0       -0.542985200881958       0.0
0.949999988079071       0.5364130735397339       0.0       -0.8108535408973694       0.0       -0.8496444821357727       0.0
0.9666666388511658       0.30339643359184265       0.0       -0.6829873919487       0.0       -0.1984536498785019       0.0
0.9833333492279053       -0.24748456478118896       0.0       -0.5096929669380188       0.0       0.7191066145896912       0.0
1.0       0.07123773545026779       0.0       -0.788610577583313       0.0       0.47687384486198425       0.0
1.0166666507720947       0.45512306690216064       0.0       -0.8545975685119629       0.0       -0.5037060379981995       0.0
1.0333333015441895       0.021103302016854286       0.0       -0.5755150318145752       0.0       0.68619704246521       0.0
1.0499999523162842       0.1395556628704071       0.0       -0.9915742874145508       0.0       0.17920072376728058       0.0
1.0666667222976685       0.3832111060619354       0.0       -1.1911519765853882       0.0       -0.5561915040016174       0.0
1.0833333730697632       0.16946811974048615       0.0       -0.860433042049408       0.0       -0.7280155420303345       0.0
1.100000023841858       0.20468027889728546       0.0       -0.7808123826980591       0.0       -0.27620765566825867       0.0
1.1166666746139526       0.1815032958984375       0.0       -0.9403166174888611       0.0       0.1363881528377533       0.0
1.1333333253860474       0.1786813884973526       0.0       -1.1481863260269165       0.0       -0.007202349603176117       0.0
1.149999976158142       0.12476874142885208       0.0       -0.6609349250793457       0.0       0.22319994866847992       0.0
1.1666666269302368       0.5178080797195435       0.0       -0.5893588066101074       0.0       -0.4906953275203705       0.0
1.1833332777023315       0.5485657453536987       0.0       -0.7519324421882629       0.0       -0.666080892086029       0.0
1.2000000476837158       0.43873879313468933       0.0       -0.7106398940086365       0.0       -0.7604737281799316       0.0
1.2166666984558105       0.442426860332489       0.0       -1.057573676109314       0.0       -0.2995147407054901       0.0
1.2333333492279053       0.20245897769927979       0.0       -0.9824777245521545       0.0       -0.12762317061424255       0.0
1.25       0.06897251307964325       0.0       -0.897570788860321       0.0       -0.3940458595752716       0.0
1.2666666507720947       0.39138901233673096       0.0       -0.0908970832824707       0.0       -0.47990405559539795       0.0
1.2833333015441895       -0.06822250038385391       0.0       -0.904484212398529       0.0       0.26224881410598755       0.0
1.2999999523162842       0.34577059745788574       0.0       -0.606430172920227       0.0       -0.7692573070526123       0.0
1.3166667222976685       0.3924795687198639       0.0       -1.2603991031646729       0.0       0.1443081647157669       0.0
1.3333333730697632       -0.18763293325901031       0.0       -0.8009661436080933       0.0       0.5585569739341736       0.0
1.350000023841858       0.04809384047985077       0.0       -1.0008444786071777       0.0       0.030171146616339684       0.0
1.3666666746139526       0.9056928753852844       0.0       -0.9973185062408447       0.0       -1.0021493434906006       0.0
1.3833333253860474       0.29453861713409424       0.0       -0.5235021710395813       0.0       -0.23054447770118713       0.0
1.399999976158142       0.2191825807094574       0.0       -0.9635668992996216       0.0       0.22798733413219452       0.0
1.4166666269302368       0.6490116119384766       0.0       -1.2549127340316772       0.0       -1.4049930572509766       0.0
1.4333332777023315       0.30613335967063904       0.0       -0.7172161936759949       0.0       -0.388301283121109       0.0
1.4500000476837158       0.6876698136329651       0.0       -0.295373797416687       0.0       -1.9448322057724       0.0
1.4666666984558105       0.1375516951084137       0.0       -0.8606441617012024       0.0       0.15375258028507233       0.0
1.4833333492279053       0.4006909132003784       0.0       -0.8044708371162415       0.0       -0.6975964903831482       0.0
1.5       0.48126649856567383       0.0       -0.8976775407791138       0.0       -0.7025771737098694       0.0
1.5166666507720947       0.47437387704849243       0.0       -1.3346467018127441       0.0       -1.0506352186203003       0.0
1.5333333015441895       0.6965650320053101       0.0       -0.8557651042938232       0.0       -1.3321199417114258       0.0
1.5499999523162842       0.3976707458496094       0.0       -0.48827382922172546       0.0       -0.9894862771034241       0.0
1.5666667222976685       -0.1491067260503769       0.0       -1.2458748817443848       0.0       0.8755878210067749       0.0
1.5833333730697632       0.01184889581054449       0.0       -0.9926280379295349       0.0       0.25707006454467773       0.0
1.600000023841858       0.8825662732124329       0.0       -0.7699577212333679       0.0       -1.1658130884170532       0.0
1.6166666746139526       0.8295004367828369       0.0       -0.8919092416763306       0.0       -1.5230990648269653       0.0
1.6333333253860474       0.18221554160118103       0.0       -0.6072934865951538       0.0       -0.02759636752307415       0.0
1.649999976158142       0.40179523825645447       0.0       -1.117335319519043       0.0       -0.5490164756774902       0.0
1.6666666269302368       0.05348563939332962       0.0       -0.5649944543838501       0.0       0.7491000890731812       0.0
1.6833332777023315       -0.4696721136569977       0.0       -0.3201916813850403       0.0       1.4672023057937622       0.0
1.7000000476837158       -0.13089218735694885       0.0       -0.30516284704208374       0.0       1.145758867263794       0.0
1.7166666984558105       0.3152787387371063       0.0       -1.3402410745620728       0.0       -0.2417406588792801       0.0
1.7333333492279053       0.24863596260547638       0.0       -0.6361019015312195       0.0       -0.2289458066225052       0.0
1.75       -0.03229878842830658       0.0       -0.7194269299507141       0.0       0.3453877866268158       0.0
1.7666666507720947       0.7004324793815613       0.0       -0.11375029385089874       0.0       -0.9025862812995911       0.0
1.7833333015441895       0.38071534037590027       0.0       -0.3823716640472412       0.0       -0.7158600687980652       0.0
1.7999999523162842       0.5682615637779236       0.0       -0.9981278777122498       0.0       -1.3031195402145386       0.0
1.8166667222976685       0.094907745718956       0.0       -1.247675895690918       0.0       0.3720506727695465       0.0
1.8333333730697632       0.2851979434490204       0.0       -1.119384527206421       0.0       -0.24322649836540222       0.0
1.850000023841858       -0.36472731828689575       0.0       -0.8834969401359558       0.0       0.9139307141304016       0.0
1.8666666746139526       0.26179754734039307       0.0       -1.2605171203613281       0.0       -0.22528401017189026       0.0
1.8833333253860474       0.13850025832653046       0.0       -0.5803155899047852       0.0       -0.054597094655036926       0.0
1.899999976158142       0.3094792366027832       0.0       -1.4642252922058105       0.0       -0.21781687438488007       0.0
1.9166666269302368       0.4374101161956787       0.0       -0.4424053430557251       0.0       -0.5095517635345459       0.0
1.9333332777023315       0.3740009367465973       0.0       -0.4211714267730713       0.0       -0.45748570561408997       0.0
1.9500000476837158       0.10814934223890305       0.0       -0.7246101498603821       0.0       0.2800907790660858       0.0
1.9666666984558105       0.4811738431453705       0.0       -0.9406051635742188       0.0       -0.5959041118621826       0.0
1.9833333492279053       0.43240752816200256       0.0       -0.7375490665435791       0.0       -0.4504079520702362       0.0
2.0       0.6776754856109619       0.0       -0.3409813642501831       0.0       -1.543620228767395       0.0
2.0166666507720947       0.7448602914810181       0.0       -0.9712949395179749       0.0       -1.6150537729263306       0.0
2.0333333015441895       0.7129258513450623       0.0       -0.6711211800575256       0.0       -1.1628034114837646       0.0
2.049999952316284       0.112226203083992       0.0       -1.0710572004318237       0.0       -0.20679092407226562       0.0
2.066666603088379       0.27295538783073425       0.0       -1.1531234979629517       0.0       -1.030372977256775       0.0
2.0833332538604736       0.34240108728408813       0.0       -0.33045443892478943       0.0       -0.14960695803165436       0.0
2.0999999046325684       -0.19656626880168915       0.0       0.21443602442741394       0.0       -0.023584187030792236       0.0
2.116666555404663       0.02036285772919655       0.0       -0.1598319709300995       0.0       -0.3542226254940033       0.0
2.133333444595337       0.655803382396698       0.0       -1.0333720445632935       0.0       -0.46938079595565796       0.0
2.1500000953674316       0.5260658860206604       0.0       -0.5619832873344421       0.0       -0.27933940291404724       0.0
2.1666667461395264       0.07807895541191101       0.0       -1.3497356176376343       0.0       0.06669335812330246       0.0
2.183333396911621       0.6742133498191833       0.0       -0.7108698487281799       0.0       -0.5445497632026672       0.0
2.200000047683716       0.3845987617969513       0.0       -0.5221813321113586       0.0       -0.16603654623031616       0.0
2.2166666984558105       -0.03724879026412964       0.0       -1.0570850372314453       0.0       0.8253305554389954       0.0
2.2333333492279053       0.4254555106163025       0.0       -0.27253982424736023       0.0       -0.5540115237236023       0.0
2.25       0.4254555106163025       0.0       -0.27253982424736023       0.0       -0.5540115237236023       0.0
2.2666666507720947       -0.2711792290210724       0.0       -0.1984815001487732       0.0       0.3518262505531311       0.0
2.2833333015441895       0.3633342981338501       0.0       -1.1957250833511353       0.0       -0.782961905002594       0.0
2.299999952316284       -0.08863193541765213       0.0       -0.32818281650543213       0.0       0.58402019739151       0.0
2.316666603088379       -0.06861715018749237       0.0       -1.1505569219589233       0.0       0.28985556960105896       0.0
2.3333332538604736       0.15447041392326355       0.0       -0.4884253442287445       0.0       -0.18135395646095276       0.0
2.3499999046325684       0.5491995215415955       0.0       -0.7354075312614441       0.0       -0.6799848079681396       0.0
2.366666555404663       0.5033761858940125       0.0       -0.8890162110328674       0.0       -0.8566136360168457       0.0
2.383333444595337       0.04767085984349251       0.0       -0.8829935789108276       0.0       0.8442353010177612       0.0
2.4000000953674316       0.48294463753700256       0.0       -0.3527712821960449       0.0       -0.5917568206787109       0.0
2.4166667461395264       0.2140873521566391       0.0       -0.7231559157371521       0.0       -0.38578227162361145       0.0
2.433333396911621       0.7271490097045898       0.0       -0.5463260412216187       0.0       -1.046165108680725       0.0
2.450000047683716       0.7819347977638245       0.0       -0.47707611322402954       0.0       -1.6037341356277466       0.0
2.4666666984558105       0.12167476862668991       0.0       -1.0493329763412476       0.0       0.07125905156135559       0.0
2.4833333492279053       -0.34540659189224243       0.0       -0.4366663694381714       0.0       0.43352389335632324       0.0
2.5       -0.21517546474933624       0.0       -0.34623658657073975       0.0       0.44694432616233826       0.0
2.5166666507720947       -0.018043970689177513       0.0       -1.424066424369812       0.0       0.6267582178115845       0.0
2.5333333015441895       0.6545184254646301       0.0       -1.3775607347488403       0.0       -1.0219922065734863       0.0
2.549999952316284       -0.14771349728107452       0.0       -1.1131988763809204       0.0       1.0006657838821411       0.0
2.566666603088379       0.19310133159160614       0.0       0.0835236981511116       0.0       -0.21938960254192352       0.0
2.5833332538604736       -0.10835740715265274       0.0       -0.6408085823059082       0.0       0.8850435018539429       0.0
2.5999999046325684       0.007535602897405624       0.0       -1.3917731046676636       0.0       0.5434552431106567       0.0
2.616666555404663       0.6750116348266602       0.0       -1.685016393661499       0.0       -0.9498058557510376       0.0
2.633333444595337       0.5614483952522278       0.0       -0.5999510288238525       0.0       -1.0664881467819214       0.0
2.6500000953674316       0.35691702365875244       0.0       -0.9902921319007874       0.0       -0.4205492436885834       0.0
2.6666667461395264       0.2489418238401413       0.0       -1.0656542778015137       0.0       -0.6550890207290649       0.0
2.683333396911621       0.8704249858856201       0.0       -0.9909276366233826       0.0       -0.7947215437889099       0.0
2.700000047683716       0.4924392104148865       0.0       -0.7031102776527405       0.0       -0.33737510442733765       0.0
2.7166666984558105       0.22039374709129333       0.0       -1.1133131980895996       0.0       -0.25387170910835266       0.0
2.7333333492279053       0.03978961706161499       0.0       -1.0886213779449463       0.0       0.025738853961229324       0.0
2.75       0.3881227970123291       0.0       -0.8811167478561401       0.0       -0.25836387276649475       0.0
2.7666666507720947       0.6548948884010315       0.0       -0.25684574246406555       0.0       -0.9501503705978394       0.0
2.7833333015441895       0.21647873520851135       0.0       -0.6396219730377197       0.0       -0.3039374351501465       0.0
2.799999952316284       -0.020877160131931305       0.0       -1.3241033554077148       0.0       -0.15632978081703186       0.0
2.816666603088379       0.8550873398780823       0.0       -0.6198455691337585       0.0       -1.4241594076156616       0.0
2.8333332538604736       0.3029358685016632       0.0       -0.9879298210144043       0.0       -0.11694015562534332       0.0
2.8499999046325684       0.19740106165409088       0.0       -1.2216501235961914       0.0       0.11595671623945236       0.0
2.866666555404663       0.5362802743911743       0.0       -0.6935602426528931       0.0       -1.439744472503662       0.0
2.883333444595337       0.14888787269592285       0.0       -0.42524540424346924       0.0       0.05690160021185875       0.0
2.9000000953674316       0.3044964075088501       0.0       -0.42968812584877014       0.0       0.21801799535751343       0.0
2.9166667461395264       0.3606525659561157       0.0       -0.5656747221946716       0.0       -0.12536999583244324       0.0
2.933333396911621       0.15457966923713684       0.0       -0.6277069449424744       0.0       0.1397489607334137       0.0
2.950000047683716       -0.26450225710868835       0.0       -1.1188974380493164       0.0       0.8620672225952148       0.0
2.9666666984558105       0.12090548127889633       0.0       -1.2584681510925293       0.0       -0.14864622056484222       0.0
2.9833333492279053       0.2164873629808426       0.0       -1.1688158512115479       0.0       0.22520145773887634       0.0
3.0       0.6000087261199951       0.0       -0.8217776417732239       0.0       -0.6196593046188354       0.0
3.0166666507720947       0.6118402481079102       0.0       -0.8752648234367371       0.0       -1.3165004253387451       0.0
3.0333333015441895       0.10516523569822311       0.0       -0.4213661551475525       0.0       0.7308956980705261       0.0
3.049999952316284       0.5687689781188965       0.0       -0.13361893594264984       0.0       -0.8973689675331116       0.0
3.066666603088379       1.111877679824829       0.0       -1.088078498840332       0.0       -2.5639870166778564       0.0
3.0833332538604736       0.28348508477211       0.0       -1.3221263885498047       0.0       0.6361511945724487       0.0
3.0999999046325684       0.3595554530620575       0.0       -0.8582636117935181       0.0       -0.2838723957538605       0.0
3.116666555404663       0.4185878336429596       0.0       -1.1336100101470947       0.0       0.12882769107818604       0.0
3.133333444595337       -0.10142850130796432       0.0       -0.3094453513622284       0.0       0.7217133045196533       0.0
3.1500000953674316       0.5675049424171448       0.0       -0.8533949851989746       0.0       -0.8198419213294983       0.0
3.1666667461395264       0.002359578153118491       0.0       -1.0211870670318604       0.0       0.6435576677322388       0.0
3.183333396911621       0.01715652272105217       0.0       -0.4937991797924042       0.0       -0.17898784577846527       0.0
3.200000047683716       -0.09201091527938843       0.0       -0.7015542387962341       0.0       0.701066255569458       0.0
3.2166666984558105       1.0161741971969604       0.0       -0.5482410192489624       0.0       -1.407104730606079       0.0
3.2333333492279053       0.06406006217002869       0.0       -0.6058194041252136       0.0       0.49577388167381287       0.0
3.25       0.15521587431430817       0.0       -0.8955175876617432       0.0       -0.12230680137872696       0.0
3.2666666507720947       0.3425435721874237       0.0       -0.4336739182472229       0.0       -0.6831511855125427       0.0
3.2833333015441895       0.5596204996109009       0.0       -0.9387355446815491       0.0       -1.2714474201202393       0.0
3.299999952316284       0.27441316843032837       0.0       -0.4774070084095001       0.0       -0.19578386843204498       0.0
3.316666603088379       0.43212294578552246       0.0       -0.8370817303657532       0.0       -0.38704410195350647       0.0
3.3333332538604736       0.8459765315055847       0.0       -0.12981559336185455       0.0       -1.4122977256774902       0.0
3.3499999046325684       0.3392743766307831       0.0       -0.6220712661743164       0.0       -0.8209428191184998       0.0
3.366666555404663       -0.022343052551150322       0.0       -1.1110725402832031       0.0       0.9998658299446106       0.0
3.383333444595337       0.569915771484375       0.0       -1.0714569091796875       0.0       -1.3869160413742065       0.0
3.4000000953674316       0.49974843859672546       0.0       -0.38729768991470337       0.0       -0.7813799381256104       0.0
3.4166667461395264       0.5758331418037415       0.0       -0.5000623464584351       0.0       -1.216683030128479       0.0
3.433333396911621       -0.16928082704544067       0.0       -0.9793490767478943       0.0       0.9750704765319824       0.0
3.450000047683716       0.909993588924408       0.0       -1.518189549446106       0.0       -1.2244068384170532       0.0
3.4666666984558105       0.387464314699173       0.0       -0.47282975912094116       0.0       -0.8614327311515808       0.0
3.4833333492279053       0.35738295316696167       0.0       -1.0784611701965332       0.0       -0.6431882381439209       0.0
3.5       0.2331845760345459       0.0       -0.8964317440986633       0.0       -0.6997976899147034       0.0
3.5166666507720947       -0.08421051502227783       0.0       -0.4543761610984802       0.0       0.587463915348053       0.0
3.5333333015441895       0.20043127238750458       0.0       -0.6704419851303101       0.0       0.6704651713371277       0.0
3.549999952316284       0.15481114387512207       0.0       -0.4440203011035919       0.0       -0.004990022629499435       0.0
3.566666603088379       0.7693848013877869       0.0       -0.5390853881835938       0.0       -0.8190810680389404       0.0
3.5833332538604736       0.6663168668746948       0.0       -0.5584953427314758       0.0       -1.1737606525421143       0.0
3.5999999046325684       0.3515291213989258       0.0       -0.7742876410484314       0.0       -0.4310323894023895       0.0
3.616666555404663       0.570311963558197       0.0       -0.4402458071708679       0.0       -1.033155918121338       0.0
3.633333444595337       0.4111274182796478       0.0       -1.2205836772918701       0.0       -0.32135897874832153       0.0
3.6500000953674316       0.6307269930839539       0.0       -0.5281169414520264       0.0       -1.190061330795288       0.0
3.6666667461395264       0.16782070696353912       0.0       -0.5731321573257446       0.0       0.5319826006889343       0.0
3.683333396911621       0.356612890958786       0.0       -0.8567965030670166       0.0       -0.21919699013233185       0.0
3.700000047683716       -0.2554362118244171       0.0       -1.1008036136627197       0.0       1.151832938194275       0.0
3.7166666984558105       -0.0790063664317131       0.0       -0.5648172497749329       0.0       0.5324837565422058       0.0
3.7333333492279053       0.07742106169462204       0.0       -1.4537602663040161       0.0       0.37019118666648865       0.0
3.75       0.20855693519115448       0.0       -0.44630470871925354       0.0       -0.5167686343193054       0.0
3.7666666507720947       0.49005383253097534       0.0       -0.5375828742980957       0.0       -0.8167546391487122       0.0
3.7833333015441895       0.23663641512393951       0.0       -1.1172040700912476       0.0       -0.31843113899230957       0.0
3.799999952316284       0.6061891913414001       0.0       -0.7297956943511963       0.0       -0.8236344456672668       0.0
3.816666603088379       0.774629533290863       0.0       -1.2009625434875488       0.0       -1.29707670211792       0.0
3.8333332538604736       0.004054856952279806       0.0       -1.101417064666748       0.0       0.6929454803466797       0.0
3.8499999046325684       0.2803667485713959       0.0       -0.8902928829193115       0.0       0.028558680787682533       0.0
3.866666555404663       0.38641345500946045       0.0       -0.3272119164466858       0.0       -1.336185336112976       0.0
3.883333444595337       0.3813256025314331       0.0       -0.32245373725891113       0.0       -0.6845490336418152       0.0
3.9000000953674316       0.5290398001670837       0.0       -0.5289304256439209       0.0       -1.4169728755950928       0.0
3.9166667461395264       0.2622148096561432       0.0       -0.6641571521759033       0.0       0.29895755648612976       0.0
3.933333396911621       0.3419451117515564       0.0       -0.29684653878211975       0.0       0.040266599506139755       0.0
3.950000047683716       0.4981115162372589       0.0       -0.3449289798736572       0.0       -1.0292836427688599       0.0
3.9666666984558105       0.6024678945541382       0.0       -1.0617268085479736       0.0       -0.9517388343811035       0.0
3.9833333492279053       0.18029770255088806       0.0       -0.703389048576355       0.0       -0.47635549306869507       0.0
4.0       -0.22114627063274384       0.0       -0.21539878845214844       0.0       1.8252274990081787       0.0
4.016666889190674       0.018255306407809258       0.0       -0.7891503572463989       0.0       0.847506582736969       0.0
4.0333333015441895       0.5486305356025696       0.0       -0.913499116897583       0.0       -0.9059259295463562       0.0
4.050000190734863       0.10006998479366302       0.0       -0.8554941415786743       0.0       0.0665409192442894       0.0
4.066666603088379       0.2604322135448456       0.0       -0.6371700763702393       0.0       -1.034935712814331       0.0
4.083333492279053       0.014105149544775486       0.0       -0.643286943435669       0.0       0.5802101492881775       0.0
4.099999904632568       0.18708054721355438       0.0       -0.5623456835746765       0.0       -0.35159698128700256       0.0
4.116666793823242       0.20361328125       0.0       -0.9926348924636841       0.0       -0.12523362040519714       0.0
4.133333206176758       0.584659993648529       0.0       0.0646715760231018       0.0       -0.741744339466095       0.0
4.150000095367432       -0.013480789959430695       0.0       -1.0014746189117432       0.0       0.18315811455249786       0.0
4.166666507720947       -0.17212848365306854       0.0       -0.5981243252754211       0.0       0.5621245503425598       0.0
4.183333396911621       0.4025762975215912       0.0       -0.8708370923995972       0.0       -0.565132737159729       0.0
4.199999809265137       0.18149515986442566       0.0       -0.15373338758945465       0.0       0.013180714100599289       0.0
4.2166666984558105       -0.056547198444604874       0.0       -1.1152998208999634       0.0       0.6311285495758057       0.0
4.233333110809326       -0.06790246069431305       0.0       -0.22679798305034637       0.0       0.4425818920135498       0.0
4.25       0.7098531723022461       0.0       -0.8824395537376404       0.0       -1.4576025009155273       0.0
4.266666889190674       0.3879432678222656       0.0       -0.8955272436141968       0.0       0.3874630928039551       0.0
4.2833333015441895       0.6319749355316162       0.0       -0.25118017196655273       0.0       -1.4634661674499512       0.0
4.300000190734863       0.18584886193275452       0.0       -0.8981897830963135       0.0       0.47653043270111084       0.0
4.316666603088379       0.3036644160747528       0.0       -0.5873685479164124       0.0       0.3919675350189209       0.0
4.333333492279053       0.285915732383728       0.0       -0.615425705909729       0.0       -0.4722844660282135       0.0
4.349999904632568       0.4650384783744812       0.0       -0.8610213398933411       0.0       -0.3712564706802368       0.0
4.366666793823242       0.2199966013431549       0.0       -0.47055187821388245       0.0       0.10747825354337692       0.0
4.383333206176758       -0.3621344268321991       0.0       -1.1079703569412231       0.0       1.067953109741211       0.0
4.400000095367432       0.11217230558395386       0.0       -0.6397785544395447       0.0       0.8064977526664734       0.0
4.416666507720947       0.4389818012714386       0.0       -1.308292031288147       0.0       -1.2183867692947388       0.0
4.433333396911621       0.09439108520746231       0.0       -0.6994292140007019       0.0       0.9170624613761902       0.0
4.449999809265137       0.48753270506858826       0.0       -0.7073918581008911       0.0       -0.09799009561538696       0.0
4.4666666984558105       0.47745653986930847       0.0       0.10119654983282089       0.0       -0.38839906454086304       0.0
4.483333110809326       -0.5348668694496155       0.0       -0.728936493396759       0.0       0.8741413354873657       0.0
4.5       0.08351316303014755       0.0       -1.0188610553741455       0.0       0.3489607274532318       0.0
4.516666889190674       0.3374556005001068       0.0       -0.5238964557647705       0.0       -0.144459068775177       0.0
4.5333333015441895       0.4623767137527466       0.0       -1.0734686851501465       0.0       -0.35145190358161926       0.0
4.550000190734863       0.24355408549308777       0.0       -0.7142418622970581       0.0       0.4836133122444153       0.0
4.566666603088379       0.7072189450263977       0.0       -1.0138304233551025       0.0       -1.6592974662780762       0.0
4.583333492279053       0.6479952931404114       0.0       -0.5040571093559265       0.0       -1.3687152862548828       0.0
4.599999904632568       0.06696619093418121       0.0       -1.0844959020614624       0.0       0.02378012426197529       0.0
4.616666793823242       -0.10709217190742493       0.0       -0.058791037648916245       0.0       0.029429752379655838       0.0
4.633333206176758       0.5090563893318176       0.0       -1.3359602689743042       0.0       -0.6911815404891968       0.0
4.650000095367432       0.386954128742218       0.0       -0.16628818213939667       0.0       -0.7050813436508179       0.0
4.666666507720947       -0.1791360080242157       0.0       -0.0949402004480362       0.0       0.41778111457824707       0.0
4.683333396911621       -0.06270948052406311       0.0       -1.1567672491073608       0.0       0.6715506315231323       0.0
4.699999809265137       -0.13053454458713531       0.0       -1.0926513671875       0.0       0.9964997172355652       0.0
4.7166666984558105       0.015998991206288338       0.0       -0.5292841792106628       0.0       0.7970089316368103       0.0
4.733333110809326       0.25272834300994873       0.0       -0.7594162225723267       0.0       -0.35722577571868896       0.0
4.75       0.11993193626403809       0.0       -1.1806601285934448       0.0       -0.1304774433374405       0.0
4.766666889190674       0.26997968554496765       0.0       -0.6202030181884766       0.0       -0.1674705147743225       0.0
4.7833333015441895       0.5020526051521301       0.0       -0.6221234798431396       0.0       -0.6806448698043823       0.0
4.800000190734863       -0.011600172147154808       0.0       -1.0239413976669312       0.0       0.056463971734046936       0.0
4.816666603088379       0.6432503461837769       0.0       -0.9456585645675659       0.0       -0.9663803577423096       0.0
4.833333492279053       0.565108597278595       0.0       -1.038205623626709       0.0       -0.4569128155708313       0.0
4.849999904632568       0.04153000935912132       0.0       -0.9234534502029419       0.0       0.27599164843559265       0.0
4.866666793823242       0.3922554552555084       0.0       -0.30327311158180237       0.0       -0.9821866750717163       0.0
4.883333206176758       0.3198219835758209       0.0       -0.6349010467529297       0.0       0.43378639221191406       0.0
4.900000095367432       -0.4668607711791992       0.0       -1.0711430311203003       0.0       1.8558815717697144       0.0
4.916666507720947       0.29943591356277466       0.0       -1.0089868307113647       0.0       -0.5474476218223572       0.0
4.933333396911621       0.15176546573638916       0.0       -0.7512767314910889       0.0       0.3823130130767822       0.0
4.949999809265137       0.08779430389404297       0.0       0.05848243087530136       0.0       0.015340869314968586       0.0
4.9666666984558105       0.10500118136405945       0.0       -0.9335971474647522       0.0       1.0832749605178833       0.0
4.983333110809326       0.15896351635456085       0.0       -0.5578879714012146       0.0       0.7466614246368408       0.0
5.0       0.2928299605846405       0.0       -0.7804238796234131       0.0       -0.19072721898555756       0.0
5.016666889190674       0.08734972774982452       0.0       -0.8596182465553284       0.0       0.6761542558670044       0.0
5.0333333015441895       0.3707185983657837       0.0       -0.28817620873451233       0.0       -0.3976568281650543       0.0
5.050000190734863       0.14147652685642242       0.0       -0.9724988341331482       0.0       -0.34704193472862244       0.0
5.066666603088379       0.11756492406129837       0.0       -0.8296168446540833       0.0       0.49652329087257385       0.0
5.083333492279053       0.3498607575893402       0.0       -0.37672293186187744       0.0       -0.859207272529602       0.0
5.099999904632568       0.9479010701179504       0.0       -1.0618804693222046       0.0       -2.066620111465454       0.0
5.116666793823242       0.6974613666534424       0.0       -0.6579042077064514       0.0       -0.9481473565101624       0.0
5.133333206176758       0.26005202531814575       0.0       -0.6809850335121155       0.0       0.030187997967004776       0.0
5.150000095367432       1.1562607288360596       0.0       -1.0396909713745117       0.0       -2.7261719703674316       0.0
5.166666507720947       0.9424989223480225       0.0       -1.2394912242889404       0.0       -2.1617183685302734       0.0
5.183333396911621       0.8523288369178772       0.0       -1.294324278831482       0.0       -2.650334119796753       0.0
5.199999809265137       4.860848903656006       0.0       -0.3539927303791046       0.0       -15.014566421508789       0.0
5.2166666984558105       7.032876491546631       0.0       -1.4450539350509644       0.0       -21.703582763671875       0.0
5.233333110809326       8.48464298248291       0.0       -2.7977519035339355       0.0       -25.742238998413086       0.0
5.25       7.827737331390381       0.0       -5.302455425262451       0.0       -23.901960372924805       0.0
5.266666889190674       10.345681190490723       0.0       -3.893132448196411       0.0       -32.98162078857422       0.0
5.2833333015441895       10.825233459472656       0.0       -6.45365047454834       0.0       -37.3843994140625       0.0
5.300000190734863       10.07158088684082       0.0       -6.938121318817139       0.0       -39.84719467163086       0.0
5.316666603088379       9.91009521484375       0.0       -7.389425277709961       0.0       -45.21668243408203       0.0
5.333333492279053       0.7001127600669861       0.0       -7.257336139678955       0.0       -50.36848449707031       0.0
5.349999904632568       -0.8235700726509094       0.0       -7.749301433563232       -0.0030538879800587893       -51.562442779541016       0.0
5.366666793823242       -4.740271091461182       0.0       -8.022235870361328       -0.006100064609199762       -52.15652084350586       0.0
5.383333206176758       0.928582489490509       0.0       -9.569310188293457       -0.009367765858769417       -53.12223815917969       0.0
5.400000095367432       5.77949857711792       0.0       -17.773231506347656       -0.013901240192353725       -80.64554595947266       0.0
5.416666507720947       -5.659501075744629       0.0       -10.860710144042969       -0.018680540844798088       -63.02737045288086       0.0
5.433333396911621       -5.139492034912109       0.0       -15.967180252075195       -0.02418079972267151       -53.37276077270508       0.0
5.449999809265137       -13.12923812866211       0.0       -8.182373046875       -0.0281995702534914       -41.65776443481445       0.0
5.4666666984558105       -12.626469612121582       0.0       -7.269068241119385       -0.03159869462251663       -43.03755187988281       0.0
5.483333110809326       -12.339079856872559       0.0       -8.370087623596191       -0.03385314717888832       -54.17976760864258       0.0
5.5       -15.472603797912598       0.0       -9.357767105102539       -0.03618641942739487       -49.273216247558594       0.0
5.516666889190674       -16.369213104248047       0.0       -7.4738240242004395       -0.03846336901187897       -49.81077194213867       0.0
5.5333333015441895       -17.507829666137695       0.0       -10.003644943237305       -0.040875695645809174       -53.40067672729492       0.0
5.550000190734863       -19.76019287109375       0.0       -9.970913887023926       -0.04328077659010887       -46.890193939208984       0.0
5.566666603088379       -17.724273681640625       0.0       -9.366941452026367       -0.04584738239645958       -53.53436279296875       0.0
5.583333492279053       -18.045034408569336       0.0       -12.774547576904297       -0.048683829605579376       -54.61055374145508       0.0
5.599999904632568       -16.224376678466797       0.0       -10.948089599609375       -0.05154775455594063       -52.70693588256836       0.0
5.616666793823242       -14.591352462768555       0.0       -11.779508590698242       -0.054625254124403       -56.021854400634766       0.0
5.633333206176758       -15.98690414428711       0.0       -12.399981498718262       -0.057541850954294205       -57.20170974731445       0.0
5.650000095367432       -17.262012481689453       0.0       -13.371102333068848       -0.06065548583865166       -56.43851852416992       0.0
5.666666507720947       -18.645328521728516       0.0       -7.132424831390381       -0.06303130835294724       -55.62263107299805       0.0
5.683333396911621       -19.100067138671875       0.0       -12.960319519042969       -0.06537610292434692       -53.43085861206055       0.0
5.699999809265137       -17.592199325561523       0.0       -7.7344255447387695       -0.06689199805259705       -54.29384994506836       0.0
5.7166666984558105       -19.30168914794922       0.0       -0.990277886390686       -0.06483378261327744       -51.973114013671875       0.0
5.733333110809326       -19.765058517456055       0.0       -4.569087982177734       -0.06283889710903168       -48.697181701660156       0.0
5.75       -18.620521545410156       0.0       -6.410999774932861       -0.060905393213033676       -50.034645080566406       0.0
5.766666889190674       -21.581867218017578       0.0       -7.383358955383301       -0.05903138220310211       -39.82350540161133       0.0
5.7833333015441895       -20.3157958984375       0.0       -10.247762680053711       -0.05721503123641014       -43.09404754638672       0.0
5.800000190734863       -19.095041275024414       0.0       -6.891117095947266       -0.055454567074775696       -40.64750289916992       0.0
5.816666603088379       -16.557918548583984       0.0       -5.8650431632995605       -0.05653692036867142       -47.3594970703125       0.0
5.833333492279053       -15.092668533325195       0.0       0.5486497282981873       -0.05479732155799866       -48.21067428588867       0.0
5.849999904632568       -14.294739723205566       0.0       -3.9333560466766357       -0.053111251443624496       -48.600318908691406       0.0
5.866666793823242       -15.387310981750488       0.0       -3.384817123413086       -0.05147705599665642       -39.80994415283203       0.0
5.883333206176758       -11.277631759643555       0.0       -3.092010021209717       -0.04989314824342728       -45.545982360839844       0.0
5.900000095367432       -12.564790725708008       0.0       -5.481031894683838       -0.048357974737882614       -41.41828918457031       0.0
5.916666507720947       -12.566168785095215       0.0       -0.28008607029914856       -0.04687003791332245       -36.69288635253906       0.0
5.933333396911621       -14.878249168395996       0.0       3.157658338546753       -0.04542788118124008       -27.26793098449707       0.0
5.949999809265137       -11.517853736877441       0.0       -4.83790397644043       -0.04403010010719299       -33.0273323059082       0.0
5.9666666984558105       -11.17424488067627       0.0       -0.9313144683837891       -0.04267532750964165       -28.506731033325195       0.0
5.983333110809326       -9.427802085876465       0.0       -2.6267294883728027       -0.04136224091053009       -31.22881317138672       0.0
6.0       -10.130661010742188       0.0       -7.006619930267334       -0.04008955508470535       -26.172502517700195       0.0
6.016666889190674       -7.2054829597473145       0.0       -3.181342601776123       -0.038856033235788345       -29.77799415588379       0.0
6.0333333015441895       -5.335803985595703       0.0       -2.05863618850708       -0.03766046091914177       -28.193470001220703       0.0
6.050000190734863       -7.103248596191406       0.0       -4.346310615539551       -0.0365016795694828       -16.201908111572266       0.0
6.066666603088379       -4.769810676574707       0.0       1.5755162239074707       -0.03537854924798012       -18.105018615722656       0.0
6.083333492279053       -8.974685668945312       0.0       4.212438583374023       -0.03428997844457626       -17.836647033691406       0.0
6.099999904632568       -7.513729095458984       0.0       0.44442543387413025       -0.03323490172624588       -11.495308876037598       0.0
6.116666793823242       -1.8689467906951904       0.0       0.7770803570747375       -0.03221229091286659       -20.74687385559082       0.0
6.133333206176758       -6.681445598602295       0.0       5.0784831047058105       -0.031221143901348114       -7.325660705566406       0.0
6.150000095367432       -2.6756210327148438       0.0       3.948458671569824       -0.030260492116212845       -13.288214683532715       0.0
6.166666507720947       -1.6589001417160034       0.0       2.099416494369507       -0.02932940050959587       -7.731474876403809       0.0
6.183333396911621       -5.361953258514404       0.0       9.055777549743652       -0.02842695638537407       6.842159271240234       0.0
6.199999809265137       -2.6252734661102295       0.0       8.609575271606445       -0.027552282437682152       6.453401565551758       0.0
6.2166666984558105       -5.484496116638184       0.0       7.440935134887695       -0.026704519987106323       10.614006996154785       0.0
6.233333110809326       -4.882350921630859       0.0       14.71845531463623       -0.025882842019200325       10.816380500793457       0.0
6.25       -3.600800037384033       0.0       8.234119415283203       -0.021890925243496895       16.827251434326172       0.0
6.266666889190674       -1.948380708694458       0.0       13.741888046264648       -0.017376111820340157       14.604641914367676       0.0
6.2833333015441895       -2.5879814624786377       0.0       12.13122844696045       -0.013280653394758701       11.235945701599121       0.0
6.300000190734863       -5.7132062911987305       0.0       10.164582252502441       -0.009119854308664799       27.443538665771484       0.0
6.316666603088379       -2.440976858139038       0.0       13.479228019714355       -0.0051225037313997746       24.53400230407715       0.0
6.333333492279053       -2.8089921474456787       0.0       13.783173561096191       -0.0010834326967597008       29.607803344726562       0.0
6.349999904632568       -1.9628918170928955       0.0       10.778034210205078       0.0028901314362883568       28.75853729248047       0.0
6.366666793823242       2.962402582168579       0.0       12.845749855041504       0.006672582123428583       21.121170043945312       0.0
6.383333206176758       1.4272727966308594       0.0       16.695035934448242       0.01063876785337925       35.10247802734375       0.0
6.400000095367432       3.8333241939544678       0.0       12.789949417114258       0.014690988697111607       33.879150390625       0.0
6.416666507720947       2.12964129447937       0.0       32.198726654052734       0.0206226147711277       42.49065017700195       0.0
6.433333396911621       5.9265522956848145       0.0       25.12721061706543       0.02725308947265148       41.995399475097656       0.0
6.449999809265137       -1.1016950607299805       0.0       23.009944915771484       0.0347505658864975       44.631561279296875       0.0
6.4666666984558105       -0.22219611704349518       0.0       20.253034591674805       0.040786273777484894       47.065486907958984       0.0
6.483333110809326       -4.137145519256592       0.0       7.079766273498535       0.044775135815143585       57.495155334472656       0.0
6.5       -0.707434356212616       0.0       10.564008712768555       0.047357041388750076       47.69427490234375       0.0
6.516666889190674       3.701805591583252       0.0       14.401901245117188       0.04926949366927147       41.08930206298828       0.0
6.5333333015441895       4.69224214553833       0.0       16.548921585083008       0.052149415016174316       43.71551513671875       0.0
6.550000190734863       3.7468619346618652       0.0       10.515389442443848       0.054979097098112106       46.05342102050781       0.0
6.566666603088379       7.438042163848877       0.0       9.640327453613281       0.05724196135997772       39.83625030517578       0.0
6.583333492279053       5.725986957550049       0.0       10.785675048828125       0.05884016305208206       47.1160888671875       0.0
6.599999904632568       5.725986957550049       0.0       10.785675048828125       0.06044655293226242       47.1160888671875       0.0
6.616666793823242       5.725986957550049       0.0       10.785675048828125       0.0621492899954319       47.1160888671875       0.0
6.633333206176758       7.684298992156982       0.0       12.933855056762695       0.06406848132610321       48.14700698852539       0.0
6.650000095367432       7.96890115737915       0.0       7.1199049949646       0.06555084884166718       48.9808235168457       0.0
6.666666507720947       7.248167514801025       0.0       7.463916778564453       0.06664327532052994       50.174869537353516       0.0
6.683333396911621       8.580081939697266       0.0       8.33411693572998       0.06721504032611847       47.04585266113281       0.0
6.699999809265137       10.58353328704834       0.0       10.234243392944336       0.06814462691545486       42.6275634765625       0.0
6.7166666984558105       8.5301513671875       0.0       10.042916297912598       0.06937327235937119       49.66413116455078       0.0
6.733333110809326       6.545279026031494       0.0       11.659646987915039       0.07098652422428131       53.439483642578125       0.0
6.75       12.417893409729004       0.0       11.026861190795898       0.07268022000789642       40.17630386352539       0.0
6.766666889190674       9.747904777526855       0.0       11.946621894836426       0.07458658516407013       48.4068717956543       0.0
6.7833333015441895       12.156329154968262       0.0       10.708747863769531       0.07635820657014847       42.88353729248047       0.0
6.800000190734863       10.675539016723633       0.0       12.781105041503906       0.07831525057554245       45.725772857666016       0.0
6.816666603088379       7.914698600769043       0.0       5.860047817230225       0.0795084610581398       51.702083587646484       0.0
6.833333492279053       10.497930526733398       0.0       11.842726707458496       0.08084152638912201       44.28160095214844       0.0
6.849999904632568       9.0435152053833       0.0       12.041655540466309       0.08207861334085464       47.849185943603516       0.0
6.866666793823242       7.166075706481934       0.0       7.676167964935303       0.0835454910993576       54.27153396606445       0.0
6.883333206176758       8.896833419799805       0.0       11.363581657409668       0.08494693785905838       51.55931091308594       0.0
6.900000095367432       8.086448669433594       0.0       13.89816665649414       0.08658456057310104       54.59381103515625       0.0
6.916666507720947       5.871562957763672       0.0       16.06560516357422       0.08930928260087967       60.727474212646484       0.0
6.933333396911621       5.44687557220459       0.0       11.501585960388184       0.09200634807348251       60.07789611816406       0.0
6.949999809265137       6.428377628326416       0.0       9.70108413696289       0.09410222619771957       58.890506744384766       0.0
6.9666666984558105       7.111723899841309       0.0       12.526248931884766       0.09569556266069412       57.03025436401367       0.0
6.983333110809326       7.381753921508789       0.0       18.778276443481445       0.09824652224779129       54.4525146484375       0.0
7.0       5.732536315917969       0.0       15.544482231140137       0.10154788941144943       61.277713775634766       0.0
7.016666889190674       7.919701099395752       0.0       9.13317584991455       0.10435335338115692       53.641361236572266       0.0
7.0333333015441895       8.32023811340332       0.0       18.90523338317871       0.10713193565607071       53.50592041015625       0.0
7.050000190734863       6.145044326782227       0.0       19.113718032836914       0.11036337912082672       60.13093948364258       0.0
7.066666603088379       8.143535614013672       0.0       9.858030319213867       0.1136464774608612       50.84033966064453       0.0
7.083333492279053       9.27956771850586       0.0       14.843758583068848       0.11633039265871048       47.3334846496582       0.0
7.099999904632568       7.412893772125244       0.0       15.640321731567383       0.11850757896900177       51.57470703125       0.0
7.116666793823242       5.782568454742432       0.0       16.094594955444336       0.12155912071466446       59.63133239746094       0.0
7.133333206176758       7.957736015319824       0.0       20.26563835144043       0.12538307905197144       50.40399932861328       0.0
7.150000095367432       7.753671169281006       0.0       15.337218284606934       0.12910577654838562       51.662906646728516       0.0
7.166666507720947       8.889276504516602       0.0       9.748334884643555       0.13183477520942688       48.93704605102539       0.0
7.183333396911621       8.160906791687012       0.0       12.367671012878418       0.13335534930229187       50.561500549316406       0.0
7.199999809265137       7.652461051940918       0.0       18.861080169677734       0.13540324568748474       52.80868911743164       0.0
7.2166666984558105       7.561773300170898       0.0       13.052358627319336       0.1379375010728836       48.94668960571289       0.0
7.233333110809326       8.087632179260254       0.0       16.22076416015625       0.1410657912492752       44.881744384765625       0.0
7.25       9.950782775878906       0.0       9.03593921661377       0.14266164600849152       39.68728256225586       0.0
7.266666889190674       6.370666027069092       0.0       11.521283149719238       0.14401552081108093       46.59492111206055       0.0
7.2833333015441895       7.164175987243652       0.0       10.489371299743652       0.14446961879730225       40.54219055175781       0.0
7.300000190734863       5.657751083374023       0.0       9.939154624938965       0.14509129524230957       36.729923248291016       0.0
7.316666603088379       -0.8865492343902588       0.0       15.087636947631836       0.14630275964736938       37.02812194824219       0.0
7.333333492279053       5.716628074645996       0.0       8.161603927612305       0.14714397490024567       28.23441505432129       0.0
7.349999904632568       1.5667225122451782       0.0       12.175373077392578       0.14836159348487854       28.046133041381836       0.0
7.366666793823242       -0.2590447962284088       0.0       6.490132808685303       0.14819414913654327       21.056854248046875       0.0
7.383333206176758       -2.5284969806671143       0.0       10.945405960083008       0.1485396921634674       18.237777709960938       0.0
7.400000095367432       -3.008589267730713       0.0       8.624344825744629       0.14832881093025208       10.73534870147705       0.0
7.416666507720947       -5.911430835723877       0.0       10.091175079345703       0.14875897765159607       15.493051528930664       0.0
7.433333396911621       -7.417335033416748       0.0       3.3719685077667236       0.14418178796768188       8.218221664428711       0.0
7.449999809265137       -2.4397377967834473       0.0       4.404503345489502       0.13974541425704956       -11.363912582397461       0.0
7.4666666984558105       -1.9613275527954102       0.0       1.9910714626312256       0.13544556498527527       -27.427486419677734       0.0
7.483333110809326       -3.0611367225646973       0.0       -1.4677923917770386       0.13127800822257996       -42.98495864868164       0.0
7.5       -2.4388768672943115       0.0       -2.2537264823913574       0.1272386759519577       -46.354576110839844       0.0
7.516666889190674       -6.899593353271484       0.0       -0.4716736674308777       0.12332364916801453       -54.171390533447266       0.0
7.5333333015441895       -6.4777960777282715       0.0       -6.151060581207275       0.11952907592058182       -64.04853057861328       0.0
7.550000190734863       -5.313670635223389       0.0       -4.55551290512085       0.1158512532711029       -72.8768310546875       0.0
7.566666603088379       -5.513826847076416       0.0       -7.78179931640625       0.11228660494089127       -74.70313262939453       0.0
7.583333492279053       -9.640522003173828       0.0       -5.7115397453308105       0.10883162915706635       -71.38506317138672       0.0
7.599999904632568       -6.612888336181641       0.0       -9.4327974319458       0.10548296570777893       -79.22071075439453       0.0
7.616666793823242       -8.155964851379395       0.0       -7.358152389526367       0.10223733633756638       -87.8941421508789       0.0
7.633333206176758       -8.836071968078613       0.0       -11.422163963317871       0.09398727118968964       -89.056396484375       0.0
7.650000095367432       -9.792015075683594       0.0       -14.60120677947998       0.08504234254360199       -99.23777770996094       0.0
7.666666507720947       -9.106090545654297       0.0       -10.967018127441406       0.07570376992225647       -111.76728820800781       0.0
7.683333396911621       -6.8398942947387695       0.0       -18.52136993408203       0.06534714996814728       -117.1974105834961       0.0
7.699999809265137       -1.466744065284729       0.0       -19.178552627563477       0.05446126312017441       -143.378662109375       0.0
7.7166666984558105       -11.128530502319336       0.0       -16.28306770324707       0.04292687028646469       -108.64578247070312       0.0
7.733333110809326       -6.782501697540283       0.0       -21.802757263183594       0.03113579750061035       -120.41962432861328       -0.03076923079788685
7.75       -9.713199615478516       0.0       -18.472362518310547       0.019822141155600548       -128.80548095703125       -0.060591716319322586
7.766666889190674       -2.2386813163757324       0.0       -26.45050811767578       0.006984773091971874       -165.94436645507812       -0.08949658274650574
7.7833333015441895       -5.462889671325684       0.0       14.254831314086914       0.006769856903702021       -139.69760131835938       -0.11751207709312439
7.800000190734863       -5.820505142211914       0.0       -12.07019329071045       0.0065615540370345116       -149.13478088378906       -0.14466555416584015
7.816666603088379       -18.271018981933594       0.0       -36.28972244262695       0.006359660066664219       -102.97142028808594       -0.17098353803157806
7.833333492279053       0.0       0.0       0.0       0.0061639780178666115       0.0       -0.16572250425815582
7.849999904632568       11.69826889038086       0.0       -14.865462303161621       0.005974316969513893       -25.16608428955078       -0.16062334179878235
7.866666793823242       11.522944450378418       0.0       -29.654142379760742       0.005790492054075003       -21.62213706970215       -0.1556810885667801
7.883333206176758       11.951247215270996       0.0       -69.72166442871094       0.005612323060631752       -30.048236846923828       -0.15089090168476105
7.900000095367432       10.148945808410645       0.0       -32.17624282836914       0.005439636297523975       -23.041873931884766       -0.14624810218811035
7.916666507720947       13.990487098693848       0.0       -58.954593658447266       -0.02426164038479328       -36.12919616699219       -0.14174816012382507
7.933333396911621       17.00919532775879       0.0       -58.382835388183594       -0.0509672686457634       -48.9151496887207       -0.13738667964935303
7.949999809265137       22.00728416442871       0.0       -50.3286247253418       -0.08016827702522278       -67.35906219482422       -0.13315939903259277
7.9666666984558105       23.10586929321289       0.0       -63.95265579223633       -0.10847079008817673       -49.91337966918945       -0.12906219065189362
7.983333110809326       15.405439376831055       0.0       -46.41123962402344       -0.13461348414421082       -14.927838325500488       -0.1250910460948944
8.0       19.856008529663086       0.0       -60.28559494018555       -0.16124075651168823       -13.896747589111328       -0.12124209105968475
8.016666412353516       34.72360610961914       0.0       -75.7258529663086       -0.18704873323440552       -89.38983154296875       -0.1175115630030632
8.033333778381348       40.07124328613281       0.0       -77.0464096069336       -0.21206262707710266       -72.29474639892578       -0.11389582604169846
8.050000190734863       29.554651260375977       0.0       -39.81443405151367       -0.23630684614181519       13.4507417678833       -0.11039133369922638
8.066666603088379       31.650476455688477       0.0       -43.38136291503906       -0.25793910026550293       10.95319938659668       -0.10699468106031418
8.083333015441895       26.19794464111328       0.0       -30.76691436767578       -0.27044838666915894       37.60213851928711       -0.10370253771543503
8.100000381469727       32.71171569824219       0.0       -31.658889770507812       -0.2809307873249054       7.887756824493408       -0.10051168501377106
8.116666793823242       20.393375396728516       0.0       -16.309724807739258       -0.2861061990261078       65.29016876220703       -0.09741902351379395
8.133333206176758       26.2995662689209       0.0       -18.37562370300293       -0.288780152797699       77.1045150756836       -0.09442151337862015
8.149999618530273       22.258359909057617       0.0       -11.788538932800293       -0.28784650564193726       81.08281707763672       -0.09151623398065567
8.166666984558105       30.580154418945312       0.0       -14.877827644348145       -0.2864587903022766       87.90229034423828       -0.08870035409927368
8.183333396911621       27.585613250732422       0.0       12.291696548461914       -0.27764466404914856       120.0387954711914       -0.08597110956907272
8.199999809265137       34.41813278198242       0.0       -20.312767028808594       -0.2691017687320709       90.91197204589844       -0.08332584798336029
8.216666221618652       36.89607238769531       0.0       -27.928321838378906       -0.26082170009613037       88.38117218017578       -0.08076196908950806
8.233333587646484       24.184450149536133       0.0       2.754445791244507       -0.2527964115142822       125.3028335571289       -0.07827699184417725
8.25       26.346555709838867       0.0       -16.831947326660156       -0.24501806497573853       108.69599914550781       -0.07586846500635147
8.266666412353516       34.18581771850586       0.0       -14.277432441711426       -0.2374790459871292       110.7925033569336       -0.0735340490937233
8.283333778381348       28.531579971313477       0.0       -16.775636672973633       -0.23017200827598572       119.6612548828125       -0.07127146422863007
8.300000190734863       31.814767837524414       0.0       -0.6579000949859619       -0.2230897843837738       129.8934783935547       -0.03830926492810249
8.316666603088379       27.53634262084961       0.0       -2.2260375022888184       -0.2162254899740219       122.39826202392578       -0.006361288949847221
8.333333015441895       28.866971969604492       0.0       20.525100708007812       -0.20957238972187042       153.0596466064453       0.024603674188256264
8.350000381469727       40.557064056396484       0.0       -117.64881896972656       -0.2031240165233612       114.61698150634766       0.054615870118141174
8.366666793823242       25.46302604675293       0.0       -56.24160385131836       -0.19687403738498688       139.82034301757812       0.08370461314916611
8.383333206176758       26.914413452148438       0.0       -30.193273544311523       -0.19081637263298035       137.91053771972656       0.11189831793308258
8.399999618530273       40.22264099121094       0.0       -27.531322479248047       -0.18494510650634766       129.11407470703125       0.13922451436519623
8.416666984558105       21.734384536743164       0.0       -85.4586181640625       -0.1963958591222763       150.47463989257812       0.16570992767810822
8.433333396911621       26.465866088867188       0.0       -73.35631561279297       -0.2122430056333542       146.0373992919922       0.19138038158416748
8.449999809265137       30.183975219726562       0.0       -74.45027160644531       -0.23258288204669952       146.65869140625       0.21626098453998566
8.466666221618652       42.866981506347656       0.0       -84.73906707763672       -0.2517073154449463       129.394775390625       0.2403760403394699
8.483333587646484       51.66819381713867       0.0       -78.96597290039062       -0.2703651189804077       114.46241760253906       0.2637490928173065
8.5       50.91646957397461       0.0       -77.38018035888672       -0.28827378153800964       106.5107421875       0.28640294075012207
8.516666412353516       42.10974884033203       0.0       -85.55875396728516       -0.30522164702415466       108.13993835449219       0.3083597719669342
8.533333778381348       40.32361602783203       0.0       33.447731018066406       -0.29583021998405457       144.06700134277344       0.3296410143375397
8.550000190734863       37.517677307128906       0.0       60.212947845458984       -0.28672775626182556       142.64523315429688       0.3502674400806427
8.566666603088379       -5.877257823944092       0.0       29.192840576171875       -0.27790534496307373       204.9006805419922       0.33948999643325806
8.583333015441895       46.093605041503906       0.0       57.46950149536133       -0.2693544328212738       71.4103775024414       0.3290441334247589
8.600000381469727       25.30562400817871       0.0       26.957380294799805       -0.249181866645813       140.22622680664062       0.31891971826553345
8.616666793823242       37.57496643066406       0.0       15.081214904785156       -0.23101235926151276       127.5800552368164       0.3091067969799042
8.633333206176758       36.50725555419922       0.0       45.428165435791016       -0.21457606554031372       131.74481201171875       0.29959583282470703
8.649999618530273       40.891746520996094       0.0       -61.95104217529297       -0.20797373354434967       99.7581787109375       0.29037749767303467
8.666666984558105       20.66008758544922       0.0       -36.09738540649414       -0.20157453417778015       118.61425018310547       0.281442791223526
8.683333396911621       20.66008758544922       0.0       -36.09738540649414       -0.19537225365638733       118.61425018310547       0.2727830111980438
8.699999809265137       50.857940673828125       0.0       -56.050743103027344       -0.18936079740524292       82.47750854492188       0.26438969373703003
8.716666221618652       39.405086517333984       0.0       -30.18528938293457       -0.19696234166622162       101.42605590820312       0.2562546133995056
8.733333587646484       38.93301010131836       0.0       -10.066964149475098       -0.201463982462883       84.62297821044922       0.24836987257003784
8.75       27.746397018432617       0.0       -18.77717399597168       -0.20173682272434235       101.94644927978516       0.2407277226448059
8.766666412353516       32.88764572143555       0.0       -7.68999719619751       -0.19953516125679016       98.18641662597656       0.2333207130432129
8.783333778381348       37.605621337890625       0.0       -9.272555351257324       -0.19731462001800537       76.21483612060547       0.22614161670207977
8.800000190734863       32.3100471496582       0.0       -12.483931541442871       -0.19447237253189087       85.7164077758789       0.21918341517448425
8.816666603088379       40.24946594238281       0.0       -17.699020385742188       -0.19281499087810516       61.69391632080078       0.21243929862976074
8.833333015441895       35.96860122680664       0.0       -7.547015190124512       -0.19101949036121368       54.535789489746094       0.20590271055698395
8.850000381469727       20.028446197509766       0.0       5.392034530639648       -0.18514196574687958       91.96400451660156       0.19956724345684052
8.866666793823242       29.835384368896484       0.0       -0.14266066253185272       -0.179445281624794       69.551025390625       0.193426713347435
8.883333206176758       27.951171875       0.0       -11.288302421569824       -0.17392389476299286       68.79855346679688       0.18747511506080627
8.899999618530273       15.042174339294434       0.0       -6.801999092102051       -0.16857238113880157       94.26773834228516       0.18170665204524994
8.916666984558105       28.577465057373047       0.0       -8.692397117614746       -0.1633855402469635       64.07596588134766       0.17611567676067352
8.933333396911621       20.071300506591797       0.0       -8.911469459533691       -0.15835829079151154       78.81160736083984       0.17069673538208008
8.949999809265137       20.1894588470459       0.0       -4.249056339263916       -0.1534857302904129       77.68350982666016       0.1654445230960846
8.966666221618652       18.2111873626709       0.0       -2.0471954345703125       -0.14876309037208557       78.6998062133789       0.16035392880439758
8.983333587646484       21.1027774810791       0.0       -7.339571475982666       -0.14418576657772064       83.66674041748047       0.1554199606180191
9.0       20.869503021240234       0.0       -3.328477144241333       -0.13974928855895996       79.262451171875       0.15063780546188354
9.016666412353516       21.32099151611328       0.0       -2.888030767440796       -0.13544930517673492       77.60089874267578       0.14600279927253723
9.033333778381348       20.280929565429688       0.0       -4.542285442352295       -0.13128162920475006       80.00713348388672       0.14151041209697723
9.050000190734863       20.551326751708984       0.0       -4.109042644500732       -0.12724220752716064       78.55624389648438       0.13715623319149017
9.066666603088379       19.90701675415039       0.0       -5.366426944732666       -0.12332705408334732       81.55244445800781       0.1329360455274582
9.083333015441895       20.70369529724121       0.0       -3.822701930999756       -0.11953237652778625       78.40267944335938       0.1288457065820694
9.100000381469727       21.003040313720703       0.0       -3.348144292831421       -0.11585445702075958       78.22257232666016       0.12488122284412384
9.116666793823242       20.859601974487305       0.0       -2.6581525802612305       -0.11228970438241959       77.98006439208984       0.12103872746229172
9.133333206176758       20.667390823364258       0.0       -3.020930528640747       -0.1088346391916275       78.03826141357422       0.11731445789337158
9.149999618530273       20.050329208374023       0.0       -3.9381227493286133       -0.10548587888479233       79.60253143310547       0.11370477825403214
9.166666984558105       21.00492286682129       0.0       -2.644460678100586       -0.10224016010761261       78.48999786376953       0.11020617187023163
9.183333396911621       20.83106803894043       0.0       -3.049145221710205       -0.09909430891275406       78.33085632324219       0.10681521147489548
9.199999809265137       20.534269332885742       0.0       -3.170750379562378       -0.09604525566101074       78.653564453125       0.10352858901023865
9.216666221618652       20.547048568725586       0.0       -2.2284393310546875       -0.0930900126695633       78.82494354248047       0.10034309327602386
9.233333587646484       19.706335067749023       0.0       -3.2663872241973877       -0.0902257040143013       78.85226440429688       0.09725561738014221
9.25       19.53700828552246       0.0       -2.067108392715454       -0.08744952827692032       79.29125213623047       0.09426313638687134
9.266666412353516       19.61200714111328       0.0       -3.2790441513061523       -0.08475877344608307       79.04460144042969       0.09136272966861725
9.283333778381348       19.994915008544922       0.0       -3.3660151958465576       -0.08215081691741943       78.86820983886719       0.08855157345533371
9.300000190734863       19.65445899963379       0.0       -2.8020098209381104       -0.07962309569120407       79.04076385498047       0.08582690358161926
9.316666603088379       19.954256057739258       0.0       -4.148171901702881       -0.0771731585264206       79.03805541992188       0.0831860825419426
9.333333015441895       19.95871925354004       0.0       -3.993772268295288       -0.0747985988855362       79.48423767089844       0.08062651008367538
9.350000381469727       19.711326599121094       0.0       -4.445176124572754       -0.07249709963798523       80.08879852294922       0.07814569026231766
9.366666793823242       20.190855026245117       0.0       -4.206400394439697       -0.07026641815900803       80.25560760498047       0.07574120908975601
9.383333206176758       20.36096954345703       0.0       -4.88247537612915       -0.06810437887907028       80.295166015625       0.07341071218252182
9.399999618530273       19.590770721435547       0.0       -4.0488457679748535       -0.06600885838270187       80.78842163085938       0.07115191966295242
9.416666984558105       19.793642044067383       0.0       -4.866346836090088       -0.06397781521081924       80.72039031982422       0.06896262615919113
9.433333396911621       19.5089054107666       0.0       -5.578533172607422       -0.06200926750898361       81.2686996459961       0.06684070080518723
9.449999809265137       19.392248153686523       0.0       -6.855072498321533       -0.06010128930211067       81.71731567382812       0.06478406488895416
9.466666221618652       19.456703186035156       0.0       -5.5885748863220215       -0.05825202167034149       81.72314453125       0.06279070675373077
9.483333587646484       19.041227340698242       0.0       -7.3881354331970215       -0.05645965039730072       82.2275161743164       0.06085868924856186
9.5       19.119504928588867       0.0       -8.02050495147705       -0.05702812224626541       82.23399353027344       0.0589861124753952
9.516666412353516       18.617307662963867       0.0       -7.623819351196289       -0.05780266225337982       82.19805145263672       0.05717115476727486
9.533333778381348       19.461952209472656       0.0       -5.874542236328125       -0.05838723108172417       81.94654846191406       0.05541204288601875
9.550000190734863       19.062681198120117       0.0       -6.772647857666016       -0.05881674587726593       81.80186462402344       0.053707055747509
9.566666603088379       19.036409378051758       0.0       -7.603985786437988       -0.05923076719045639       81.85873413085938       0.05205453187227249
9.583333015441895       19.562562942504883       0.0       -6.01298189163208       -0.05964728444814682       82.101318359375       0.05045285448431969
9.600000381469727       18.802717208862305       0.0       -5.947288990020752       -0.059960391372442245       82.3152084350586       0.048900458961725235
9.616666793823242       19.408138275146484       0.0       -6.9115447998046875       -0.06018785759806633       81.68788146972656       0.04739582911133766
9.633333206176758       19.18061065673828       0.0       -6.055301666259766       -0.060412902384996414       82.25428009033203       0.04593749716877937
9.649999618530273       19.406875610351562       0.0       -6.992159843444824       -0.06074580177664757       81.87018585205078       0.04452403634786606
9.666666984558105       19.119373321533203       0.0       -7.699021339416504       -0.06115483120083809       81.7827377319336       0.04315406456589699
9.683333396911621       19.273550033569336       0.0       -6.37410831451416       -0.06158638000488281       82.06795501708984       0.04182624816894531
9.699999809265137       18.87384605407715       0.0       -7.165920734405518       -0.06202376261353493       81.99261474609375       0.04053928703069687
9.716666221618652       19.11357307434082       0.0       -7.662571430206299       -0.06244375556707382       81.92417907714844       0.03929192200303078
9.733333587646484       18.668718338012695       0.0       -8.24256706237793       -0.06305591017007828       81.7803726196289       0.03808294236660004
9.75       19.023418426513672       0.0       -9.830398559570312       -0.06394169479608536       81.60823059082031       0.03691115602850914
9.766666412353516       18.79655647277832       0.0       -10.540907859802246       -0.06511642038822174       81.70616912841797       0.035775430500507355
9.783333778381348       18.995620727539062       0.0       -11.623669624328613       -0.06662623584270477       81.5853042602539       0.03467464819550514
9.800000190734863       19.237638473510742       0.0       -11.58013916015625       -0.06828180700540543       81.44463348388672       0.033607736229896545
9.816666603088379       18.77640724182129       0.0       -10.285179138183594       -0.06985828280448914       81.59170532226562       0.032573651522397995
9.833333015441895       19.39207649230957       0.0       -11.613167762756348       -0.07138509303331375       81.57633972167969       0.03157138451933861
9.850000381469727       19.05254554748535       0.0       -10.751960754394531       -0.0727740004658699       81.40227508544922       0.030599957332015038
9.866666793823242       19.170059204101562       0.0       -11.578883171081543       -0.074262335896492       81.35213470458984       0.029658420011401176
9.883333206176758       19.14645004272461       0.0       -9.838388442993164       -0.07551004737615585       81.98017883300781       0.028745854273438454
9.899999618530273       18.83967399597168       0.0       -10.898788452148438       -0.07673531770706177       81.4837417602539       0.02786136604845524
9.916666984558105       19.64563751220703       0.0       -10.552361488342285       -0.07781000435352325       81.51961517333984       0.027004092931747437
9.933333396911621       18.801706314086914       0.0       -10.261713981628418       -0.07889832556247711       81.83238983154297       0.026173198595643044
9.949999809265137       19.06961441040039       0.0       -9.579967498779297       -0.07980822771787643       81.77298736572266       0.025367869064211845
9.966666221618652       19.400043487548828       0.0       -11.039131164550781       -0.08074364066123962       81.5424575805664       0.024587318301200867
9.983333587646484       19.072399139404297       0.0       -10.981904983520508       -0.0817294642329216       81.66478729248047       0.02383078634738922
10.0       18.964046478271484       0.0       -9.717013359069824       -0.08269995450973511       81.84821319580078       0.023097531870007515
10.016666412353516       19.0638427734375       0.0       -11.09462833404541       -0.08364662528038025       81.51839447021484       0.022386837750673294
10.033333778381348       19.00444984436035       0.0       -11.013691902160645       -0.08456753939390182       81.42866516113281       0.021698011085391045
10.050000190734863       19.075088500976562       0.0       -11.41768741607666       -0.08564715087413788       81.55304718017578       0.021030381321907043
10.066666603088379       19.249608993530273       0.0       -10.578206062316895       -0.08663678914308548       81.56103515625       0.02038329280912876
10.083333015441895       18.76735496520996       0.0       -11.056364059448242       -0.0876007154583931       81.47318267822266       0.01975611411035061
10.100000381469727       18.731740951538086       0.0       -10.726316452026367       -0.08845900744199753       81.73851013183594       0.01914823427796364
10.116666793823242       18.837575912475586       0.0       -10.374027252197266       -0.08926846086978912       81.60420989990234       0.018559057265520096
10.133333206176758       18.36444854736328       0.0       -10.633833885192871       -0.09000644832849503       81.6344223022461       0.017988009378314018
10.149999618530273       18.956127166748047       0.0       -11.474112510681152       -0.09080405533313751       81.50505828857422       0.017434531822800636
10.166666984558105       19.27212905883789       0.0       -11.17155933380127       -0.09166453778743744       81.88134002685547       0.016898084431886673
10.183333396911621       19.117019653320312       0.0       -10.503593444824219       -0.09248430281877518       81.5672607421875       0.016378143802285194
10.199999809265137       19.121328353881836       0.0       -9.596924781799316       -0.09307260066270828       81.70037841796875       0.01587420143187046
10.216666221618652       18.78121566772461       0.0       -10.91076946258545       -0.09361421316862106       81.76819610595703       0.015385763719677925
10.233333587646484       18.827119827270508       0.0       -11.006001472473145       -0.09419427067041397       81.59999084472656       0.014912355691194534
10.25       18.95722770690918       0.0       -10.913135528564453       -0.09490112215280533       81.67559814453125       0.014453514479100704
10.266666412353516       19.654359817504883       0.0       -11.018714904785156       -0.09559808671474457       81.51766967773438       0.014008790254592896
10.283333778381348       19.343109130859375       0.0       -10.505273818969727       -0.09621862322092056       81.65856170654297       0.013577750883996487
10.300000190734863       19.14288330078125       0.0       -10.580245018005371       -0.09678350389003754       81.6550521850586       0.013159973546862602
10.316666603088379       18.66499900817871       0.0       -10.858502388000488       -0.09731341153383255       81.89039611816406       0.012755051255226135
10.333333015441895       18.8690242767334       0.0       -10.800111770629883       -0.097859226167202       81.45353698730469       0.012362588196992874
10.350000381469727       18.941728591918945       0.0       -10.670550346374512       -0.09839822351932526       81.67061614990234       0.011982201598584652
10.366666793823242       19.446144104003906       0.0       -10.375517845153809       -0.09886748343706131       81.364990234375       0.011613517999649048
10.383333206176758       19.20702362060547       0.0       -10.296448707580566       -0.0992671549320221       81.51223754882812       0.011256178840994835
10.399999618530273       19.0189208984375       0.0       -9.905808448791504       -0.09957049041986465       81.60340118408203       0.010909834876656532
10.416666984558105       18.970619201660156       0.0       -10.51010513305664       -0.09987934678792953       81.66531372070312       0.010574148036539555
10.433333396911621       19.215059280395508       0.0       -11.373764038085938       -0.10029704123735428       81.7483901977539       0.010248789563775063
10.449999809265137       19.139705657958984       0.0       -11.105876922607422       -0.10083367675542831       81.53497314453125       0.009933441877365112
10.466666221618652       18.74636459350586       0.0       -10.269136428833008       -0.1013273298740387       81.66368103027344       0.00962779764086008
10.483333587646484       18.4710636138916       0.0       -9.340713500976562       -0.10158253461122513       81.77635192871094       0.009331557899713516
10.5       19.127880096435547       0.0       -10.831978797912598       -0.10179981589317322       81.5837173461914       0.009044433012604713
10.516666412353516       18.92227554321289       0.0       -10.119471549987793       -0.10199402272701263       81.58113098144531       0.008766142651438713
10.533333778381348       19.15751075744629       0.0       -10.348484992980957       -0.10229286551475525       81.74910736083984       0.008496414870023727
10.550000190734863       18.531797409057617       0.0       -11.015198707580566       -0.1026025265455246       81.61908721923828       0.008234987035393715
10.566666603088379       18.899904251098633       0.0       -10.597184181213379       -0.1029551774263382       81.56277465820312       0.007981603033840656
10.583333015441895       19.44050407409668       0.0       -10.937397956848145       -0.1033615842461586       81.42996978759766       0.007736015133559704
10.600000381469727       18.878332138061523       0.0       -10.489782333374023       -0.10369791090488434       81.55113220214844       0.007497983984649181
10.616666793823242       19.496639251708984       0.0       -10.811717987060547       -0.10404743254184723       81.46572875976562       0.007267276756465435
10.633333206176758       19.418386459350586       0.0       -10.61786937713623       -0.10435106605291367       81.51121520996094       0.007043668068945408
10.649999618530273       19.139244079589844       0.0       -9.686301231384277       -0.10455718636512756       81.71414947509766       0.00682693999260664
10.666666984558105       19.25760841369629       0.0       -10.805545806884766       -0.1047561764717102       81.63745880126953       0.006616880185902119
10.683333396911621       19.166019439697266       0.0       -10.27877426147461       -0.10491175949573517       81.9413833618164       0.006413283757865429
10.699999809265137       19.564056396484375       0.0       -10.233718872070312       -0.10512271523475647       81.70538330078125       0.00621595187112689
10.716666221618652       19.481374740600586       0.0       -10.560613632202148       -0.10530034452676773       81.5368423461914       0.006024692207574844
10.733333587646484       19.452896118164062       0.0       -10.567146301269531       -0.10550415515899658       81.81803131103516       0.0058393171057105064
10.75       19.394506454467773       0.0       -10.326021194458008       -0.10571189969778061       81.5380630493164       0.005659645423293114
10.766666412353516       18.78825569152832       0.0       -11.637904167175293       -0.10603160411119461       81.5150375366211       0.005485502537339926
10.783333778381348       19.244382858276367       0.0       -11.393522262573242       -0.10643216967582703       81.7408218383789       0.005316718015819788
10.800000190734863       18.781686782836914       0.0       -10.7033109664917       -0.10686177760362625       81.52885437011719       0.005153126548975706
10.816666603088379       19.125350952148438       0.0       -10.89263916015625       -0.1071963906288147       81.65084075927734       0.004994568880647421
10.833333015441895       18.553653717041016       0.0       -11.077325820922852       -0.10748586803674698       81.4224624633789       0.004840889945626259
10.850000381469727       18.41007423400879       0.0       -10.393431663513184       -0.10773251950740814       81.72300720214844       0.00469193933531642
10.866666793823242       18.74672508239746       0.0       -10.628753662109375       -0.10794254392385483       81.71971893310547       0.00454757222905755
10.883333206176758       19.254457473754883       0.0       -10.75827407836914       -0.10811096429824829       81.58821868896484       0.0044076466001570225
10.899999618530273       18.998294830322266       0.0       -12.163192749023438       -0.10846870392560959       81.39292907714844       0.004272026941180229
10.916666984558105       18.725011825561523       0.0       -11.086384773254395       -0.10886558890342712       81.70201110839844       0.0041405800729990005
10.933333396911621       18.720476150512695       0.0       -9.77066707611084       -0.10914198309183121       81.7295913696289       0.00401317747309804
10.949999809265137       18.25737762451172       0.0       -10.485248565673828       -0.10922548919916153       81.55524444580078       0.003889695042744279
10.966666221618652       18.562644958496094       0.0       -10.148683547973633       -0.1092032641172409       81.62358856201172       0.0037700121756643057
10.983333587646484       18.576526641845703       0.0       -9.333797454833984       -0.10913389921188354       81.63213348388672       0.003654011758044362
11.0       18.882450103759766       0.0       -10.249603271484375       -0.10904073715209961       81.73238372802734       0.0035415806341916323
11.016666412353516       19.002931594848633       0.0       -10.037165641784668       -0.10893815010786057       81.7546615600586       0.0034326089080423117
11.033333778381348       18.88560676574707       0.0       -11.078619956970215       -0.10903046280145645       81.7772445678711       0.0033269901759922504
11.050000190734863       18.629552841186523       0.0       -11.163372993469238       -0.10922040045261383       81.6988754272461       0.00322462129406631
11.066666603088379       18.85968017578125       0.0       -10.959949493408203       -0.10950565338134766       81.64354705810547       0.003125402145087719
11.083333015441895       18.869468688964844       0.0       -11.000020980834961       -0.10977362096309662       81.68855285644531       0.0030292358715087175
11.100000381469727       18.86054801940918       0.0       -10.308116912841797       -0.10993935167789459       81.79985809326172       0.002936028642579913
11.116666793823242       18.561845779418945       0.0       -10.792762756347656       -0.110081747174263       81.72969055175781       0.0028456891886889935
11.133333206176758       19.23508644104004       0.0       -10.725464820861816       -0.11018948256969452       81.54790496826172       0.0027581294998526573
11.149999618530273       19.26425552368164       0.0       -10.022263526916504       -0.11026236414909363       81.37519836425781       0.0026732641272246838
11.166666984558105       19.069297790527344       0.0       -9.70610523223877       -0.11021394282579422       81.7364273071289       0.0025910097174346447
11.183333396911621       19.041898727416992       0.0       -10.680116653442383       -0.11016198247671127       81.31765747070312       0.002511286409571767
11.199999809265137       19.17654037475586       0.0       -9.651240348815918       -0.11007083207368851       81.49864196777344       0.0024340159725397825
11.216666221618652       19.404964447021484       0.0       -11.500269889831543       -0.11017955094575882       81.35383605957031       0.0023591232020407915
11.233333587646484       18.6516170501709       0.0       -10.192338943481445       -0.110231414437294       81.76145935058594       0.002286534756422043
11.25       18.462684631347656       0.0       -10.120546340942383       -0.11033300310373306       81.67825317382812       0.0022161798551678658
